F,0.0,0.0,0.0,0.0
F,0.0,0.0,0.0,0.0
F,0.0,0.0,0.0,0.0
F,0.0,0.0,0.0,0.0
F,0.0,0.0,0.0,0.0
F,0.0,0.0,0.0,0.0
F,0.0,0.0,0.0,0.0
F,0.0,0.0,0.0,0.0
F,0.0,0.0,0.0,0.0
F,-0.0272929,0.0,0.0,-0.0272929
F,0.0,0.0,0.0,0.0
F,0.0,0.0,0.0,0.0
F,0.0,0.0,0.0,0.0
F,0.0,0.0,0.0,0.0
F,0.0,0.0,0.0,0.0
F,0.0525868,0.0,0.0,0.0525868
F,-0.0105656,0.0,0.0,-0.0105656
F,0.0,0.0,0.0,0.0
F,0.0,0.0,0.0,0.0
F,0.0,0.0,0.0,0.0
F,0.0,0.0,0.0,0.0
F,0.052722,0.0,0.0,0.052722
F,0.0,0.0,0.0,0.0
F,-0.0663738,0.0,0.0,-0.0663738
F,0.0,0.0,0.0,0.0
F,-0.0829687,0.0,0.0,-0.0829687
F,0.0,0.0,0.0,0.0
F,0.0,0.0,0.0,0.0
F,0.0,0.0,0.0,0.0
F,0.0,0.0,0.0,0.0
F,0.00375408,0.0,0.0,0.00375408
F,0.0,0.0,0.0,0.0
F,0.0,0.0,0.0,0.0
F,0.0,0.0,0.0,0.0
F,0.0315937,0.0,0.0,0.0315937
F,0.0,0.0,0.0,0.0
F,0.0,0.0,0.0,0.0
F,0.0,0.0,0.0,0.0
F,0.0,0.0,0.0,0.0
F,0.0,0.0,0.0,0.0
F,0.0749317,0.0,0.0,0.0749317
F,0.0,0.0,0.0,0.0
F,0.0,0.0,0.0,0.0
F,0.0,0.0,0.0,0.0
F,0.0840569,0.0,0.0,0.0840569
F,0.0,0.0,0.0,0.0
F,0.0,0.0,0.0,0.0
F,0.0,0.0,0.0,0.0
F,0.0,0.0,0.0,0.0
F,0.0,0.0,0.0,0.0
F,0.0,0.0,0.0,0.0
F,0.0,0.0,0.0,0.0
F,0.105205,0.0,0.0,0.105205
F,0.0,0.0,0.0,0.0
F,0.0,0.0,0.0,0.0
F,0.0,0.0,0.0,0.0
F,0.0,0.0,0.0,0.0
F,0.0,0.0,0.0,0.0
F,0.0,0.0,0.0,0.0
F,0.0,0.0,0.0,0.0
F,0.0,0.0,0.0,0.0
F,0.0,0.0,0.0,0.0
F,0.0,0.0,0.0,0.0
F,0.0,0.0,0.0,0.0
F,0.0,0.0,0.0,0.0
F,0.0,0.0,0.0,0.0
F,0.0,0.0,0.0,0.0
F,0.0,0.0,0.0,0.0
F,-0.0231466,0.0,0.0,-0.0231466
F,0.0,0.0,0.0,0.0
F,0.0,0.0,0.0,0.0
F,0.0,0.0,0.0,0.0
F,-0.0285078,0.0,0.0,-0.0285078
F,0.0,0.0,0.0,0.0
F,-0.033982,0.0,0.0,-0.033982
F,0.0,0.0,0.0,0.0
F,0.0,0.0,0.0,0.0
F,0.0,0.0,0.0,0.0
F,0.0,0.0,0.0,0.0
F,0.0479231,0.0,0.0,0.0479231
F,0.0,0.0,0.0,0.0
F,0.0,0.0,0.0,0.0
F,0.0,0.0,0.0,0.0
F,0.0,0.0,0.0,0.0
F,0.0,0.0,0.0,0.0
F,0.0,0.0,0.0,0.0
F,0.0,0.0,0.0,0.0
F,0.0,0.0,0.0,0.0
F,0.0,0.0,0.0,0.0
F,0.0,0.0,0.0,0.0
F,0.0,0.0,0.0,0.0
F,0.0,0.0,0.0,0.0
F,0.0,0.0,0.0,0.0
F,0.0,0.0,0.0,0.0
F,0.0,0.0,0.0,0.0
F,0.0,0.0,0.0,0.0
F,-0.00207,0.0,0.0,-0.00207
F,0.0,0.0,0.0,0.0
F,0.0,0.0,0.0,0.0
F,0.0,0.0,0.0,0.0
F,0.0,0.0,0.0,0.0
F,0.0,0.0,0.0,0.0
F,0.0352436,0.0,0.0,0.0352436
F,0.0,0.0,0.0,0.0
F,0.0,0.0,0.0,0.0
F,-0.0205473,-0.0466265,-0.0466265,-0.0671738
F,0.0,0.0,0.0,0.0
F,0.0,0.0,0.0,0.0
F,0.0,0.0,0.0,0.0
F,0.0237199,0.0,0.0,0.0237199
F,0.0,0.0,0.0,0.0
F,0.0,0.0,0.0,0.0
F,-0.0153744,0.0,0.0,-0.0153744
F,0.0,0.0,0.0,0.0
F,0.0,0.0,0.0,0.0
F,0.0,0.0,0.0,0.0
F,0.0,0.0,0.0,0.0
F,0.0,0.0,0.0,0.0
F,0.0088817,0.0,0.0,0.0088817
F,0.0,0.0,0.0,0.0
F,0.0,0.0,0.0,0.0
F,0.0601763,0.0,0.0,0.0601763
F,0.0,0.0,0.0,0.0
F,0.0,0.0,0.0,0.0
F,0.0,0.0,0.0,0.0
F,0.0,0.0,0.0,0.0
F,0.00753654,0.0,0.0,0.00753654
F,0.0,0.0,0.0,0.0
F,0.0,0.0,0.0,0.0
F,0.0,0.0,0.0,0.0
F,0.0,0.0,0.0,0.0
F,0.0,0.0,0.0,0.0
F,0.0,0.0,0.0,0.0
F,-0.0293195,0.0,0.0,-0.0293195
F,0.0,0.0,0.0,0.0
F,0.0,0.0,0.0,0.0
F,0.0,0.0,0.0,0.0
F,0.0,0.0,0.0,0.0
F,0.0522707,0.0,0.0,0.0522707
F,0.0,0.0,0.0,0.0
F,0.0,0.0,0.0,0.0
F,0.0,0.0,0.0,0.0
F,0.0615247,0.0,0.0,0.0615247
F,0.0,0.0,0.0,0.0
F,0.0,0.0,0.0,0.0
F,0.0,0.0,0.0,0.0
F,0.0,0.0,0.0,0.0
F,0.0,0.0,0.0,0.0
F,0.0,0.0,0.0,0.0
F,0.0,0.0,0.0,0.0
F,0.0,0.0,0.0,0.0
F,0.00903767,0.0,0.0,0.00903767
F,0.0,0.0,0.0,0.0
F,0.0,0.0,0.0,0.0
F,0.0522054,0.0,0.0,0.0522054
F,0.0,0.0,0.0,0.0
F,0.0,0.0,0.0,0.0
F,0.0,0.0,0.0,0.0
F,0.0,0.0,0.0,0.0
F,0.0,0.0,0.0,0.0
F,0.0,0.0,0.0,0.0
F,0.0,0.0,0.0,0.0
F,0.00738781,0.0,0.0,0.00738781
F,0.0,0.0,0.0,0.0
F,0.0,0.0,0.0,0.0
F,0.0,0.0,0.0,0.0
F,-0.0463442,0.0,0.0,-0.0463442
F,0.0,0.0,0.0,0.0
F,0.0,0.0,0.0,0.0
F,0.0,0.0,0.0,0.0
F,0.0,0.0,0.0,0.0
F,-0.00576181,0.0,0.0,-0.00576181
F,0.0,0.0,0.0,0.0
F,0.0,0.0,0.0,0.0
F,-0.103317,0.0,0.0,-0.103317
F,0.0,0.0,0.0,0.0
F,0.0,0.0,0.0,0.0
F,0.0,0.0,0.0,0.0
F,0.0,0.0,0.0,0.0
F,0.0,0.0,0.0,0.0
F,0.0,0.0,0.0,0.0
F,0.0,0.0,0.0,0.0
F,0.0503707,0.0,0.0,0.0503707
F,0.0,0.0,0.0,0.0
F,0.0,0.0,0.0,0.0
F,0.0,0.0,0.0,0.0
F,0.0,0.0,0.0,0.0
F,0.00961579,0.0,0.0,0.00961579
F,-0.0831917,0.0,0.0,-0.0831917
F,0.0,0.0,0.0,0.0
F,0.0,0.0,0.0,0.0
F,0.0,0.0,0.0,0.0
F,0.0,0.0,0.0,0.0
F,0.0,0.0,0.0,0.0
F,0.0,0.0,0.0,0.0
F,0.0,0.0,0.0,0.0
F,0.0,0.0,0.0,0.0
F,0.0,0.0,0.0,0.0
F,0.0,0.0,0.0,0.0
F,0.0,0.0,0.0,0.0
F,0.0,0.0,0.0,0.0
F,0.0,0.0,0.0,0.0
F,-0.0915893,0.0,0.0,-0.0915893
F,-0.0110878,0.0,0.0,-0.0110878
F,0.0,0.0,0.0,0.0
F,0.0,0.0,0.0,0.0
F,0.0,0.0,0.0,0.0
F,0.0,0.0,0.0,0.0
F,0.0,0.0,0.0,0.0
F,0.0,0.0,0.0,0.0
F,0.0526012,0.0,0.0,0.0526012
F,0.0,0.0,0.0,0.0
F,0.0,0.0,0.0,0.0
F,0.0,0.0,0.0,0.0
F,0.0,0.0,0.0,0.0
F,0.0,0.0,0.0,0.0
F,0.0,0.0,0.0,0.0
F,0.00747517,0.0,0.0,0.00747517
F,0.0,0.0,0.0,0.0
F,0.0,0.0,0.0,0.0
F,0.0,0.0,0.0,0.0
F,0.0,0.0,0.0,0.0
F,0.0,0.0,0.0,0.0
F,0.0,0.0,0.0,0.0
F,0.0,0.0,0.0,0.0
F,0.0,0.0,0.0,0.0
F,0.0,0.0,0.0,0.0
F,0.0,0.0,0.0,0.0
F,0.0,0.0,0.0,0.0
F,0.0,0.0,0.0,0.0
F,0.0,0.0,0.0,0.0
F,0.0,0.0,0.0,0.0
F,0.0,0.0,0.0,0.0
F,0.0,0.0,0.0,0.0
F,-0.0205858,0.0,0.0,-0.0205858
F,-0.108155,0.0,0.0,-0.108155
F,0.0,0.0,0.0,0.0
F,0.0,0.0,0.0,0.0
F,0.0,0.0,0.0,0.0
F,0.0,0.0,0.0,0.0
F,0.0,0.0,0.0,0.0
F,0.0,0.0,0.0,0.0
F,0.0,0.0,0.0,0.0
F,0.0,0.0,0.0,0.0
F,0.0,0.0,0.0,0.0
F,0.0,0.0,0.0,0.0
F,0.0,0.0,0.0,0.0
F,0.0,0.0,0.0,0.0
F,0.0,0.0,0.0,0.0
F,0.0,0.0,0.0,0.0
F,-0.0481618,0.0,0.0,-0.0481618
F,0.0,0.0,0.0,0.0
F,0.0,0.0,0.0,0.0
F,0.0,0.0,0.0,0.0
F,0.0,0.0,0.0,0.0
F,0.0,0.0,0.0,0.0
F,0.0,0.0,0.0,0.0
F,0.0,0.0,0.0,0.0
F,0.0226334,0.0,0.0,0.0226334
F,0.0,0.0,0.0,0.0
F,0.0,0.0,0.0,0.0
F,0.0,0.0,0.0,0.0
F,0.0,0.0,0.0,0.0
F,0.0,0.0,0.0,0.0
F,0.0,0.0,0.0,0.0
F,0.0,0.0,0.0,0.0
F,0.0,0.0,0.0,0.0
F,0.0528316,0.0,0.0,0.0528316
F,-0.0270965,0.0,0.0,-0.0270965
F,0.0,0.0,0.0,0.0
F,0.0,0.0,0.0,0.0
F,0.0,0.0,0.0,0.0
F,0.0,0.0,0.0,0.0
F,0.0,0.0,0.0,0.0
F,0.0,0.0,0.0,0.0
F,0.0,0.0,0.0,0.0
F,0.0,0.0,0.0,0.0
F,0.0,0.0,0.0,0.0
F,0.0,0.0,0.0,0.0
F,0.0,0.0,0.0,0.0
F,0.0,0.0,0.0,0.0
F,0.0207684,0.0,0.0,0.0207684
F,0.0,0.0,0.0,0.0
F,0.0,0.0,0.0,0.0
F,0.0,0.0,0.0,0.0
F,0.0,0.0,0.0,0.0
F,0.0,0.0,0.0,0.0
F,0.0,0.0,0.0,0.0
F,0.0,0.0,0.0,0.0
F,0.0,0.0,0.0,0.0
F,0.00747517,0.0,0.0,0.00747517
F,0.0,0.0,0.0,0.0
F,0.0,0.0,0.0,0.0
F,0.0,0.0,0.0,0.0
F,0.0,0.0,0.0,0.0
F,0.0,0.0,0.0,0.0
F,0.0,0.0,0.0,0.0
F,0.0,0.0,0.0,0.0
F,-0.0830519,0.0,0.0,-0.0830519
F,0.0,0.0,0.0,0.0
F,-0.0666636,0.0,0.0,-0.0666636
F,0.0,0.0,0.0,0.0
F,0.0,0.0,0.0,0.0
F,0.0,0.0,0.0,0.0
F,0.0,0.0,0.0,0.0
F,0.0,0.0,0.0,0.0
F,0.0,0.0,0.0,0.0
F,-0.0394891,0.0,0.0,-0.0394891
F,0.0,0.0,0.0,0.0
F,0.0,0.0,0.0,0.0
F,0.0,0.0,0.0,0.0
F,0.0,0.0,0.0,0.0
F,0.0,0.0,0.0,0.0
F,0.0,0.0,0.0,0.0
F,0.0,0.0,0.0,0.0
F,-0.0559434,0.0,0.0,-0.0559434
F,0.0,0.0,0.0,0.0
F,0.0,0.0,0.0,0.0
F,0.0,0.0,0.0,0.0
F,0.0,0.0,0.0,0.0
F,0.0128418,0.0,0.0,0.0128418
F,0.0,0.0,0.0,0.0
F,0.0,0.0,0.0,0.0
F,0.0,0.0,0.0,0.0
F,-0.0168953,0.0,0.0,-0.0168953
F,0.0,0.0,0.0,0.0
F,0.0,0.0,0.0,0.0
F,0.0,0.0,0.0,0.0
F,0.0,0.0,0.0,0.0
F,0.00531471,0.0,0.0,0.00531471
F,0.0,0.0,0.0,0.0
F,0.0,0.0,0.0,0.0
F,0.0,0.0,0.0,0.0
F,0.0,0.0,0.0,0.0
F,0.105205,0.0,0.0,0.105205
F,0.0,0.0,0.0,0.0
F,0.0,0.0,0.0,0.0
F,0.0,0.0,0.0,0.0
F,0.0,0.0,0.0,0.0
F,0.0,0.0,0.0,0.0
F,0.0,-0.00329191,-0.00329191,-0.00329191
F,0.0,0.0,0.0,0.0
F,0.0,0.0,0.0,0.0
F,-0.0806454,0.0,0.0,-0.0806454
F,0.0,0.0,0.0,0.0
F,0.0348322,0.0,0.0,0.0348322
F,0.0,-0.00311268,-0.00311268,-0.00311268
F,0.0,0.0,0.0,0.0
F,0.0,0.0,0.0,0.0
F,0.0,0.0,0.0,0.0
F,0.0,0.0,0.0,0.0
F,0.0,0.0,0.0,0.0
F,0.0,0.0,0.0,0.0
F,0.0,0.0,0.0,0.0
F,0.0,0.0,0.0,0.0
F,0.0,0.0,0.0,0.0
F,0.0,0.0,0.0,0.0
F,0.0,0.0,0.0,0.0
F,0.0,0.0,0.0,0.0
F,0.0,0.0,0.0,0.0
F,0.0,0.0157508,0.0157508,0.0157508
F,0.0,0.0,0.0,0.0
F,0.0,0.0,0.0,0.0
F,0.0,0.0,0.0,0.0
F,-0.0320207,0.0,0.0,-0.0320207
F,0.0,0.0,0.0,0.0
F,0.0,0.0,0.0,0.0
F,0.0,0.0,0.0,0.0
F,0.0,0.0,0.0,0.0
F,-0.0116119,0.0,0.0,-0.0116119
F,0.0,0.0,0.0,0.0
F,0.0,0.0,0.0,0.0
F,0.0,0.0,0.0,0.0
F,0.0,0.0,0.0,0.0
F,0.0,0.0,0.0,0.0
F,0.0769878,0.0,0.0,0.0769878
F,0.0,0.0,0.0,0.0
F,0.0,0.0,0.0,0.0
F,0.0,0.0,0.0,0.0
F,-0.0394891,0.0,0.0,-0.0394891
F,0.0,0.0,0.0,0.0
F,0.0,0.0,0.0,0.0
F,0.0,0.0,0.0,0.0
F,0.0,0.0,0.0,0.0
F,0.0,0.0,0.0,0.0
F,0.0,0.0,0.0,0.0
F,0.0,0.0,0.0,0.0
F,0.0,0.0,0.0,0.0
F,0.0,0.0,0.0,0.0
F,0.0,0.0,0.0,0.0
F,0.0,0.0,0.0,0.0
F,0.0,0.0,0.0,0.0
F,-0.0394891,0.0,0.0,-0.0394891
F,0.0385857,0.0,0.0,0.0385857
F,0.0,0.0,0.0,0.0
F,0.0,0.0,0.0,0.0
F,0.0,0.0,0.0,0.0
F,0.0,0.0,0.0,0.0
F,0.0,0.0,0.0,0.0
F,-0.0212772,0.0,0.0,-0.0212772
F,0.0,0.0,0.0,0.0
F,-0.00677032,0.0,0.0,-0.00677032
F,0.0,0.0,0.0,0.0
F,0.0396974,0.0,0.0,0.0396974
F,0.0,0.0,0.0,0.0
F,0.0,0.0,0.0,0.0
F,-0.112199,0.0,0.0,-0.112199
F,0.0,0.0,0.0,0.0
F,0.0,0.0,0.0,0.0
F,0.0,0.0,0.0,0.0
F,0.0,0.0,0.0,0.0
F,0.0,0.0,0.0,0.0
F,0.0,0.0,0.0,0.0
F,0.0,0.0,0.0,0.0
F,0.0,0.0,0.0,0.0
F,0.00066067,0.0,0.0,0.00066067
F,0.0,0.0,0.0,0.0
F,0.0,0.0,0.0,0.0
F,0.0,0.0,0.0,0.0
F,0.0,0.0,0.0,0.0
F,0.0601763,0.0,0.0,0.0601763
F,0.0,0.0,0.0,0.0
F,-0.0226189,0.0,0.0,-0.0226189
F,0.0,0.0,0.0,0.0
F,0.0207873,0.0,0.0,0.0207873
F,0.0,0.0,0.0,0.0
F,0.0372733,0.0,0.0,0.0372733
F,0.0,0.0,0.0,0.0
F,-0.00226975,0.0,0.0,-0.00226975
F,0.0,0.0,0.0,0.0
F,0.0,0.0,0.0,0.0
F,0.0,0.0,0.0,0.0
F,0.0,0.0,0.0,0.0
F,0.0,0.0,0.0,0.0
F,0.0,0.0,0.0,0.0
F,0.0,0.0,0.0,0.0
F,0.0,0.0,0.0,0.0
F,-0.0817551,0.0,0.0,-0.0817551
F,0.0,0.0,0.0,0.0
F,0.0,0.0,0.0,0.0
F,0.0,0.0,0.0,0.0
F,0.0,0.0,0.0,0.0
F,0.0,0.0,0.0,0.0
F,0.0,0.0,0.0,0.0
F,0.0,0.0,0.0,0.0
F,0.0,0.0,0.0,0.0
F,0.0,0.0,0.0,0.0
F,0.0,0.0,0.0,0.0
F,0.0,0.0,0.0,0.0
F,0.0,0.0,0.0,0.0
F,0.0,0.0,0.0,0.0
F,0.0,0.0,0.0,0.0
F,0.0,0.0,0.0,0.0
F,0.0,0.0,0.0,0.0
F,0.0,0.0,0.0,0.0
F,0.0,0.0,0.0,0.0
F,0.0,0.0,0.0,0.0
F,0.0,0.0,0.0,0.0
F,0.0,0.0,0.0,0.0
F,0.0,0.0,0.0,0.0
F,0.0,0.0,0.0,0.0
F,-0.000905322,0.0,0.0,-0.000905322
F,0.0,0.0,0.0,0.0
F,0.0,0.0,0.0,0.0
F,-0.0746554,0.0,0.0,-0.0746554
F,0.0,0.0,0.0,0.0
F,0.0101631,0.0,0.0,0.0101631
F,0.0,0.0,0.0,0.0
F,0.0,0.0,0.0,0.0
F,0.0,0.0,0.0,0.0
F,0.0,0.0,0.0,0.0
F,0.0,0.0,0.0,0.0
F,0.0,0.0,0.0,0.0
F,0.0,0.0,0.0,0.0
F,0.0,0.0,0.0,0.0
F,0.0,0.0,0.0,0.0
F,0.0280194,0.0,0.0,0.0280194
F,0.0,0.0,0.0,0.0
F,0.0,-0.0203685,-0.0203685,-0.0203685
F,0.0249121,0.0,0.0,0.0249121
F,0.0,0.0,0.0,0.0
F,0.0136684,0.0,0.0,0.0136684
F,0.0,0.0,0.0,0.0
F,-0.0117034,0.0,0.0,-0.0117034
F,0.0,0.0,0.0,0.0
F,0.0,0.0,0.0,0.0
F,-0.0724907,0.0,0.0,-0.0724907
F,0.0,0.0,0.0,0.0
F,0.0,0.0,0.0,0.0
F,0.0,0.0,0.0,0.0
F,0.0,0.0,0.0,0.0
F,0.0,0.0,0.0,0.0
F,0.0,0.0,0.0,0.0
F,0.0,0.0,0.0,0.0
F,-0.0036375,0.0,0.0,-0.0036375
F,0.0,0.0,0.0,0.0
F,0.00976538,0.0,0.0,0.00976538
F,0.00989684,0.0,0.0,0.00989684
F,0.0,0.0,0.0,0.0
F,0.0,0.0,0.0,0.0
F,0.0,0.0,0.0,0.0
F,0.0,0.0,0.0,0.0
F,0.0,0.0,0.0,0.0
F,0.0,0.0,0.0,0.0
F,0.00845594,0.0,0.0,0.00845594
F,-0.124089,0.0,0.0,-0.124089
F,0.0,0.0,0.0,0.0
F,0.0,0.0,0.0,0.0
F,0.0,0.0,0.0,0.0
F,0.0,0.0,0.0,0.0
F,0.0,0.0,0.0,0.0
F,-0.0036375,0.0,0.0,-0.0036375
F,0.0,0.0,0.0,0.0
F,0.0,0.0,0.0,0.0
F,0.0,0.0,0.0,0.0
F,0.0,0.0,0.0,0.0
F,0.0,0.0,0.0,0.0
F,0.0,0.0,0.0,0.0
F,0.0,0.0,0.0,0.0
F,-0.0229669,0.0,0.0,-0.0229669
F,0.0,0.0,0.0,0.0
F,0.0,0.0,0.0,0.0
F,0.0,0.0,0.0,0.0
F,0.0,0.0,0.0,0.0
F,0.0,0.0,0.0,0.0
F,0.0,0.0,0.0,0.0
F,-0.0235498,0.0,0.0,-0.0235498
F,0.0,0.0,0.0,0.0
F,0.0,0.0,0.0,0.0
F,0.0,0.0,0.0,0.0
F,0.0,0.0,0.0,0.0
F,0.0,0.0,0.0,0.0
F,-0.00721278,0.0,0.0,-0.00721278
F,0.0,0.0,0.0,0.0
F,0.0,0.0,0.0,0.0
F,0.0,-0.0203685,-0.0203685,-0.0203685
F,0.0,0.0,0.0,0.0
F,-0.07188,0.0,0.0,-0.07188
F,-0.00676781,0.0,0.0,-0.00676781
F,0.0,0.0,0.0,0.0
F,0.0,0.0,0.0,0.0
F,0.0,0.0,0.0,0.0
F,0.0,0.0,0.0,0.0
F,0.0,0.0,0.0,0.0
F,0.0,0.0,0.0,0.0
F,0.0,0.0,0.0,0.0
F,0.0,0.0,0.0,0.0
F,0.0,0.0,0.0,0.0
F,0.0,0.0,0.0,0.0
F,0.0,0.0,0.0,0.0
F,0.0,0.0,0.0,0.0
F,-0.0582298,0.0,0.0,-0.0582298
F,0.0,0.0,0.0,0.0
F,0.0,0.0,0.0,0.0
F,0.0,0.0,0.0,0.0
F,0.0,0.0,0.0,0.0
F,0.0,0.0,0.0,0.0
F,0.0,0.0,0.0,0.0
F,0.0,0.0,0.0,0.0
F,0.0,0.0,0.0,0.0
F,0.0,0.0,0.0,0.0
F,0.00753654,-0.0339818,-0.0339818,-0.0264453
F,0.107903,0.0,0.0,0.107903
F,0.0,0.0,0.0,0.0
F,0.0,0.0,0.0,0.0
F,0.0,0.0,0.0,0.0
F,0.0,0.0,0.0,0.0
F,0.0,0.0,0.0,0.0
F,0.0,0.0,0.0,0.0
F,-0.0643137,0.0,0.0,-0.0643137
F,0.0,0.0,0.0,0.0
F,0.0,0.0,0.0,0.0
F,0.0,0.0,0.0,0.0
F,-0.0869668,0.0,0.0,-0.0869668
F,0.0,0.0,0.0,0.0
F,0.0090449,0.0,0.0,0.0090449
F,0.0601763,0.0,0.0,0.0601763
F,0.0,0.0,0.0,0.0
F,-0.035031,0.0,0.0,-0.035031
F,0.0,0.0,0.0,0.0
F,0.0,0.0,0.0,0.0
F,0.0,0.0,0.0,0.0
F,0.0,0.0,0.0,0.0
F,0.0,0.0,0.0,0.0
F,-0.131942,0.0,0.0,-0.131942
F,-0.0127565,0.0,0.0,-0.0127565
F,0.0,0.0,0.0,0.0
F,0.0115826,0.0,0.0,0.0115826
F,0.0,0.0,0.0,0.0
F,0.0,0.0,0.0,0.0
F,0.0,0.0,0.0,0.0
F,0.0,0.0,0.0,0.0
F,0.0,0.0,0.0,0.0
F,0.0,0.0,0.0,0.0
F,0.0,0.0,0.0,0.0
F,0.0,0.0,0.0,0.0
F,0.0,0.0,0.0,0.0
F,-0.0198039,0.0,0.0,-0.0198039
F,0.0884369,0.0,0.0,0.0884369
F,0.0,0.0,0.0,0.0
F,0.0,0.0,0.0,0.0
F,0.0,0.0,0.0,0.0
F,0.0,0.0,0.0,0.0
F,0.0,0.0,0.0,0.0
F,-0.0194229,0.0,0.0,-0.0194229
F,0.0702866,0.0,0.0,0.0702866
F,-0.0329746,0.0,0.0,-0.0329746
F,0.0,0.0,0.0,0.0
F,0.0487912,0.0,0.0,0.0487912
F,0.0,0.0,0.0,0.0
F,-0.0231466,0.0,0.0,-0.0231466
F,0.0,0.0,0.0,0.0
F,0.0,0.0,0.0,0.0
F,0.0,0.0,0.0,0.0
F,0.00377312,0.0,0.0,0.00377312
F,0.0,0.0,0.0,0.0
F,0.0,0.0,0.0,0.0
F,0.0,0.0,0.0,0.0
F,0.0,0.0,0.0,0.0
F,0.0,0.0,0.0,0.0
F,0.0,0.0,0.0,0.0
F,0.00961579,0.0,0.0,0.00961579
F,-0.0231466,0.0,0.0,-0.0231466
F,0.0,0.0,0.0,0.0
F,0.0,0.0,0.0,0.0
F,0.0,0.0,0.0,0.0
F,0.0,0.0,0.0,0.0
F,0.0,0.0,0.0,0.0
F,0.0,0.0,0.0,0.0
F,-0.0343721,0.0,0.0,-0.0343721
F,0.0,0.0,0.0,0.0
F,0.0,0.0,0.0,0.0
F,-0.0160586,0.0,0.0,-0.0160586
F,0.0,0.0,0.0,0.0
F,0.0,0.0,0.0,0.0
F,0.0,0.0,0.0,0.0
F,0.0,0.0,0.0,0.0
F,0.0,0.0,0.0,0.0
F,0.0398719,0.0,0.0,0.0398719
F,0.0,0.0,0.0,0.0
F,0.0,0.0,0.0,0.0
F,0.0,0.0,0.0,0.0
F,0.0,0.0,0.0,0.0
F,-0.0246167,0.0,0.0,-0.0246167
F,0.0,0.0,0.0,0.0
F,0.00586157,0.0,0.0,0.00586157
F,0.0,0.0,0.0,0.0
F,0.0,-0.0777469,-0.0777469,-0.0777469
F,0.0,0.0,0.0,0.0
F,0.0,0.0,0.0,0.0
F,-0.0377972,0.0,0.0,-0.0377972
F,0.0,0.0,0.0,0.0
F,0.0,0.0,0.0,0.0
F,0.0,0.0,0.0,0.0
F,0.0,0.0,0.0,0.0
F,-0.0723726,0.0,0.0,-0.0723726
F,0.037084,0.0,0.0,0.037084
F,-0.0036375,0.0,0.0,-0.0036375
F,-0.0441954,0.0,0.0,-0.0441954
F,0.0,0.0,0.0,0.0
F,0.0,0.0,0.0,0.0
F,0.0,0.0,0.0,0.0
F,0.0,0.0,0.0,0.0
F,0.0,0.0,0.0,0.0
F,0.0,0.0,0.0,0.0
F,0.0,0.0,0.0,0.0
F,0.0,0.0,0.0,0.0
F,0.0,0.0,0.0,0.0
F,0.0,0.0,0.0,0.0
F,0.0,0.0,0.0,0.0
F,-0.0238808,0.0,0.0,-0.0238808
F,-0.0329746,0.0,0.0,-0.0329746
F,0.0,0.0,0.0,0.0
F,0.0,0.0,0.0,0.0
F,0.0,0.0,0.0,0.0
F,0.0,0.0,0.0,0.0
F,0.0,0.0,0.0,0.0
F,-0.16006,0.0,0.0,-0.16006
F,-0.00362601,0.0,0.0,-0.00362601
F,0.0,0.0,0.0,0.0
F,-0.0129929,0.0,0.0,-0.0129929
F,0.0,0.0,0.0,0.0
F,0.0,0.0,0.0,0.0
F,0.0,0.0,0.0,0.0
F,0.0,0.0,0.0,0.0
F,0.0,0.0,0.0,0.0
F,0.0,0.0,0.0,0.0
F,0.0,0.0,0.0,0.0
F,0.0,-0.0203685,-0.0203685,-0.0203685
F,0.0405932,0.0,0.0,0.0405932
F,0.0,0.0,0.0,0.0
F,0.0320339,0.0,0.0,0.0320339
F,0.0,0.0,0.0,0.0
F,0.0304499,0.0,0.0,0.0304499
F,0.0,0.0,0.0,0.0
F,0.0,0.0,0.0,0.0
F,0.0,0.0,0.0,0.0
F,0.0241226,0.0,0.0,0.0241226
F,0.0,0.0,0.0,0.0
F,0.0,0.0,0.0,0.0
F,0.0,0.0,0.0,0.0
F,0.0,0.0,0.0,0.0
F,0.0,0.0,0.0,0.0
F,0.0101631,0.0,0.0,0.0101631
F,0.0,0.0,0.0,0.0
F,0.0,0.0,0.0,0.0
F,0.0,0.0,0.0,0.0
F,0.0396974,0.0,0.0,0.0396974
F,0.0,0.0,0.0,0.0
F,0.0,0.0,0.0,0.0
F,-0.0204417,0.0,0.0,-0.0204417
F,0.0,0.0,0.0,0.0
F,0.0,0.0,0.0,0.0
F,0.0749317,0.0,0.0,0.0749317
F,0.0865097,0.0,0.0,0.0865097
F,0.0,0.0,0.0,0.0
F,0.0,0.0,0.0,0.0
F,0.0,0.0,0.0,0.0
F,0.0,0.0,0.0,0.0
F,0.107804,0.0,0.0,0.107804
F,0.0,0.0,0.0,0.0
F,0.0,0.0,0.0,0.0
F,0.0,0.0,0.0,0.0
F,0.0,0.0,0.0,0.0
F,0.0,0.0,0.0,0.0
F,0.0,0.0,0.0,0.0
F,0.0,0.0,0.0,0.0
F,0.0,0.0,0.0,0.0
F,0.0,0.0,0.0,0.0
F,-0.0220585,0.0,0.0,-0.0220585
F,0.0,0.0,0.0,0.0
F,0.0,0.0,0.0,0.0
F,0.0,0.0,0.0,0.0
F,0.0,0.0,0.0,0.0
F,0.0,0.0,0.0,0.0
F,0.0,0.0,0.0,0.0
F,0.0,0.0,0.0,0.0
F,0.0,0.0,0.0,0.0
F,0.0,0.0,0.0,0.0
F,0.0,0.0,0.0,0.0
F,0.0207873,0.0,0.0,0.0207873
F,0.0,0.0,0.0,0.0
F,0.0,0.0,0.0,0.0
F,0.0,0.0,0.0,0.0
F,0.0,0.0,0.0,0.0
F,0.0284903,0.0,0.0,0.0284903
F,0.0,0.0,0.0,0.0
F,0.0,0.0,0.0,0.0
F,-0.0395002,0.0,0.0,-0.0395002
F,0.0,0.0,0.0,0.0
F,0.0,0.0,0.0,0.0
F,0.0,0.0,0.0,0.0
F,0.0504296,0.0,0.0,0.0504296
F,-0.0396798,0.0,0.0,-0.0396798
F,0.0,0.0,0.0,0.0
F,0.0,0.0,0.0,0.0
F,0.0,0.0,0.0,0.0
F,0.0,0.0,0.0,0.0
F,0.0,0.0,0.0,0.0
F,0.0,0.0,0.0,0.0
F,0.0,0.0,0.0,0.0
F,0.0,0.0,0.0,0.0
F,0.0,0.0,0.0,0.0
F,0.0,0.0,0.0,0.0
F,0.0,0.0,0.0,0.0
F,0.0,0.0,0.0,0.0
F,0.0,0.0,0.0,0.0
F,0.0,0.0,0.0,0.0
F,0.0,0.0,0.0,0.0
F,0.0,0.0,0.0,0.0
F,0.0,0.0,0.0,0.0
F,0.0,0.0,0.0,0.0
F,0.0,0.0,0.0,0.0
F,0.0,0.0,0.0,0.0
F,0.0,0.0,0.0,0.0
F,0.0,0.0,0.0,0.0
F,0.0,0.0,0.0,0.0
F,0.0,0.0,0.0,0.0
F,0.0,0.0,0.0,0.0
F,0.0,0.0,0.0,0.0
F,-0.0117107,0.0,0.0,-0.0117107
F,0.0,0.0,0.0,0.0
F,0.0,0.0,0.0,0.0
F,0.0,0.0,0.0,0.0
F,0.0,0.0,0.0,0.0
F,0.0503707,0.0,0.0,0.0503707
F,0.0,0.0,0.0,0.0
F,0.0,0.0,0.0,0.0
F,0.0,0.0,0.0,0.0
F,-0.013907,0.0,0.0,-0.013907
F,0.0,0.0,0.0,0.0
F,-0.0277175,0.0,0.0,-0.0277175
F,0.0509235,0.0,0.0,0.0509235
F,0.0,0.0,0.0,0.0
F,0.0,0.0,0.0,0.0
F,-0.0117107,0.0,0.0,-0.0117107
F,0.0114491,0.0,0.0,0.0114491
F,0.0,0.0,0.0,0.0
F,0.0,0.0,0.0,0.0
F,0.0,0.0804717,0.0804717,0.0804717
F,0.0,0.0,0.0,0.0
F,0.0,0.0,0.0,0.0
F,0.0,0.0,0.0,0.0
F,0.0,0.0,0.0,0.0
F,0.0,0.0,0.0,0.0
F,0.0,0.0,0.0,0.0
F,0.0,0.0,0.0,0.0
F,0.0,0.0,0.0,0.0
F,0.0,0.0,0.0,0.0
F,0.0154197,0.0,0.0,0.0154197
F,0.0,0.0,0.0,0.0
F,0.0,0.0,0.0,0.0
F,0.0,0.0,0.0,0.0
F,0.0593352,0.0,0.0,0.0593352
F,0.0,0.0,0.0,0.0
F,0.0,0.0,0.0,0.0
F,0.0,0.0,0.0,0.0
F,0.0,0.0,0.0,0.0
F,0.0,0.0,0.0,0.0
F,0.0,0.0,0.0,0.0
F,0.0,0.0,0.0,0.0
F,0.0,0.0,0.0,0.0
F,0.0,0.0,0.0,0.0
F,0.0,0.0,0.0,0.0
F,0.0,0.0,0.0,0.0
F,0.0,0.0,0.0,0.0
F,-0.00350626,0.0,0.0,-0.00350626
F,0.0,0.0,0.0,0.0
F,0.0,0.0,0.0,0.0
F,0.0303429,0.0,0.0,0.0303429
F,0.0,0.0,0.0,0.0
F,0.0,0.0,0.0,0.0
F,0.0,0.0,0.0,0.0
F,0.0,0.0,0.0,0.0
F,0.0,0.0,0.0,0.0
F,-0.00201234,0.0,0.0,-0.00201234
F,0.0,0.0,0.0,0.0
F,0.0,0.0,0.0,0.0
F,-0.0555067,0.0,0.0,-0.0555067
F,0.0,0.0,0.0,0.0
F,0.0,0.0,0.0,0.0
F,0.0,0.0,0.0,0.0
F,0.0,0.0,0.0,0.0
F,0.0,0.0,0.0,0.0
F,-0.0457611,0.0,0.0,-0.0457611
F,0.0,0.0,0.0,0.0
F,0.0,0.0,0.0,0.0
F,0.0,0.0,0.0,0.0
F,0.0,0.0,0.0,0.0
F,0.0,0.0,0.0,0.0
F,0.0,0.0,0.0,0.0
F,0.0,0.0,0.0,0.0
F,0.0,0.0,0.0,0.0
F,0.0,0.0,0.0,0.0
F,0.0,0.0,0.0,0.0
F,0.0,0.0,0.0,0.0
F,0.0,0.0,0.0,0.0
F,0.0,0.0,0.0,0.0
F,0.0,0.0,0.0,0.0
F,0.0,0.0,0.0,0.0
F,0.0,0.0,0.0,0.0
F,0.0,0.0,0.0,0.0
F,0.0,0.0,0.0,0.0
F,0.0,0.0,0.0,0.0
F,-0.000300117,0.0,0.0,-0.000300117
F,0.0,0.0,0.0,0.0
F,0.0,0.0,0.0,0.0
F,0.0,0.0,0.0,0.0
F,0.0,0.0,0.0,0.0
F,0.0507146,0.0,0.0,0.0507146
F,-0.0110878,0.0,0.0,-0.0110878
F,0.0,0.0,0.0,0.0
F,0.0,0.0,0.0,0.0
F,0.0,0.0,0.0,0.0
F,0.0,0.0,0.0,0.0
F,0.0,0.0,0.0,0.0
F,0.0,0.0,0.0,0.0
F,0.0,0.0,0.0,0.0
F,0.0,0.0,0.0,0.0
F,0.0,0.0,0.0,0.0
F,0.0,0.0,0.0,0.0
F,0.0,0.0,0.0,0.0
F,0.0,0.0,0.0,0.0
F,0.0,0.0,0.0,0.0
F,0.0,0.0,0.0,0.0
F,0.0,0.0,0.0,0.0
F,0.0,0.0,0.0,0.0
F,0.0,0.0,0.0,0.0
F,0.0,0.0,0.0,0.0
F,0.0,0.0,0.0,0.0
F,0.0131826,0.0,0.0,0.0131826
F,0.0,0.0,0.0,0.0
F,0.0,0.0,0.0,0.0
F,0.0,0.0,0.0,0.0
F,0.0,0.0,0.0,0.0
F,0.0,0.0,0.0,0.0
F,-0.0655971,0.0,0.0,-0.0655971
F,0.0,0.0,0.0,0.0
F,0.0,0.0,0.0,0.0
F,0.0,0.0,0.0,0.0
F,-0.0475887,0.0,0.0,-0.0475887
F,0.0,0.0,0.0,0.0
F,0.0,0.0,0.0,0.0
F,0.0,0.0,0.0,0.0
F,0.0,0.0,0.0,0.0
F,0.0,0.0,0.0,0.0
F,0.0,0.0,0.0,0.0
F,0.0,0.0,0.0,0.0
F,0.0,0.0,0.0,0.0
F,0.0,0.0,0.0,0.0
F,0.0,0.0,0.0,0.0
F,0.0,0.0,0.0,0.0
F,0.0,0.0,0.0,0.0
F,0.0,0.0,0.0,0.0
F,0.0,0.0,0.0,0.0
F,0.0,0.0,0.0,0.0
F,-0.042805,0.0,0.0,-0.042805
F,0.0,0.0,0.0,0.0
F,0.0,0.0,0.0,0.0
F,0.0,0.0,0.0,0.0
F,0.0,0.0,0.0,0.0
F,0.0961636,0.0,0.0,0.0961636
F,0.0,0.0,0.0,0.0
F,-0.00362601,0.0,0.0,-0.00362601
F,-0.0474318,0.0,0.0,-0.0474318
F,0.0,0.0,0.0,0.0
F,0.0,0.0,0.0,0.0
F,0.0,0.0,0.0,0.0
F,0.0,0.0,0.0,0.0
F,0.0,0.0,0.0,0.0
F,0.0,0.0,0.0,0.0
F,0.0,0.0,0.0,0.0
F,0.0,0.0,0.0,0.0
F,0.0,0.0,0.0,0.0
F,0.0,0.0,0.0,0.0
F,0.0227366,0.0,0.0,0.0227366
F,0.0,0.0,0.0,0.0
F,0.0,0.0,0.0,0.0
F,0.0,0.0,0.0,0.0
F,0.0,0.0,0.0,0.0
F,0.0,0.0,0.0,0.0
F,0.0,0.0,0.0,0.0
F,0.0,0.0,0.0,0.0
F,0.0192911,0.0,0.0,0.0192911
F,-0.0389752,0.0,0.0,-0.0389752
F,0.0,0.0,0.0,0.0
F,0.0,0.0,0.0,0.0
F,0.0,0.0,0.0,0.0
F,0.0,0.0,0.0,0.0
F,-0.00181074,0.0,0.0,-0.00181074
F,0.0,0.0,0.0,0.0
F,0.0,0.0,0.0,0.0
F,0.0,0.0,0.0,0.0
F,-0.0386479,0.0,0.0,-0.0386479
F,0.0,0.0,0.0,0.0
F,0.0,0.0,0.0,0.0
F,0.0,0.0,0.0,0.0
F,0.0,0.0,0.0,0.0
F,0.0,0.0,0.0,0.0
F,0.0,0.0,0.0,0.0
F,0.0,0.0,0.0,0.0
F,0.0,0.0,0.0,0.0
F,-0.0294916,0.0,0.0,-0.0294916
F,0.0,0.0,0.0,0.0
F,0.0,0.0,0.0,0.0
F,0.0,0.0,0.0,0.0
F,0.0,0.0,0.0,0.0
F,0.0,0.0,0.0,0.0
F,-0.124089,0.0,0.0,-0.124089
F,0.00586157,0.0,0.0,0.00586157
F,0.0,-0.0293232,-0.0293232,-0.0293232
F,0.0,0.0,0.0,0.0
F,0.0,0.0,0.0,0.0
F,0.0,0.0,0.0,0.0
F,0.0,0.0,0.0,0.0
F,0.0,0.0,0.0,0.0
F,0.0,0.0,0.0,0.0
F,0.0,0.0,0.0,0.0
F,-0.0453979,0.0,0.0,-0.0453979
F,0.0,0.0,0.0,0.0
F,0.0,0.0,0.0,0.0
F,-0.035031,0.0,0.0,-0.035031
F,0.0,0.0,0.0,0.0
F,0.0,0.0,0.0,0.0
F,0.0,0.0,0.0,0.0
F,0.0,0.0,0.0,0.0
F,0.0,0.0,0.0,0.0
F,-0.00596327,0.0,0.0,-0.00596327
F,0.0,0.0,0.0,0.0
F,0.0,0.0,0.0,0.0
F,0.0,0.0,0.0,0.0
F,0.0,0.0,0.0,0.0
F,0.0,0.0,0.0,0.0
F,0.0,0.0,0.0,0.0
F,0.0,0.0,0.0,0.0
F,-0.011003,0.0,0.0,-0.011003
F,0.0,0.0,0.0,0.0
F,0.0114491,0.0,0.0,0.0114491
F,0.0,0.0,0.0,0.0
F,0.0,0.0,0.0,0.0
F,0.0,0.0,0.0,0.0
F,0.0,0.0,0.0,0.0
F,0.0,0.0,0.0,0.0
F,0.0,0.0,0.0,0.0
F,0.0207873,0.0,0.0,0.0207873
F,0.0,0.0,0.0,0.0
F,0.0,0.0,0.0,0.0
F,0.0,0.0,0.0,0.0
F,0.0,0.0,0.0,0.0
F,-0.0235498,0.0,0.0,-0.0235498
F,0.0,0.0,0.0,0.0
F,-0.0724907,0.0,0.0,-0.0724907
F,0.0,0.0,0.0,0.0
F,0.0,0.0,0.0,0.0
F,-0.02361,0.0,0.0,-0.02361
F,0.0,0.0,0.0,0.0
F,0.0,0.0,0.0,0.0
F,0.0,0.0,0.0,0.0
F,0.0,0.0,0.0,0.0
F,0.0,0.0,0.0,0.0
F,0.0,0.0,0.0,0.0
F,0.0,0.0,0.0,0.0
F,0.0,0.0,0.0,0.0
F,0.0,0.0,0.0,0.0
F,0.0,0.0,0.0,0.0
F,0.0,0.0,0.0,0.0
F,0.0,0.0,0.0,0.0
F,0.0,0.0,0.0,0.0
F,0.0,0.0,0.0,0.0
F,0.0,0.0,0.0,0.0
F,0.0,0.0,0.0,0.0
F,0.0,0.0,0.0,0.0
F,0.0,0.0594099,0.0594099,0.0594099
F,0.0,0.0,0.0,0.0
F,0.0,0.0,0.0,0.0
F,0.0,0.0,0.0,0.0
F,0.0,0.0,0.0,0.0
F,0.0,0.0,0.0,0.0
F,-0.0704578,0.0,0.0,-0.0704578
F,0.00738901,0.0,0.0,0.00738901
F,0.0,0.0,0.0,0.0
F,0.0,0.0,0.0,0.0
F,0.009121,0.0,0.0,0.009121
F,0.0,-0.00311268,-0.00311268,-0.00311268
F,0.0,0.0,0.0,0.0
F,0.0,0.0,0.0,0.0
F,0.0,0.0,0.0,0.0
F,0.0,0.0,0.0,0.0
F,0.0,0.0,0.0,0.0
F,0.0,0.0,0.0,0.0
F,0.0959483,0.0,0.0,0.0959483
F,0.0,0.0,0.0,0.0
F,0.0,0.0,0.0,0.0
F,0.0,0.0,0.0,0.0
F,0.0,0.0,0.0,0.0
F,0.0,0.0,0.0,0.0
F,-0.0746554,0.0,0.0,-0.0746554
F,0.0,-0.0203685,-0.0203685,-0.0203685
F,0.0510321,0.0,0.0,0.0510321
F,0.0,0.0,0.0,0.0
F,0.0,0.0,0.0,0.0
F,0.0,0.0,0.0,0.0
F,0.0,0.0,0.0,0.0
F,-0.0105656,0.0,0.0,-0.0105656
F,0.0186511,0.0,0.0,0.0186511
F,0.0,0.0,0.0,0.0
F,-0.0110755,0.0,0.0,-0.0110755
F,0.0405932,0.0,0.0,0.0405932
F,0.0,0.0,0.0,0.0
F,0.0,0.0,0.0,0.0
F,-0.0724907,0.0,0.0,-0.0724907
F,0.0,0.0,0.0,0.0
F,-0.000629715,0.0,0.0,-0.000629715
F,0.0,0.0,0.0,0.0
F,-0.066896,0.0,0.0,-0.066896
F,-0.0036375,0.0,0.0,-0.0036375
F,0.0,0.0,0.0,0.0
F,0.0,0.0,0.0,0.0
F,0.0,0.0,0.0,0.0
F,-0.00362601,0.0,0.0,-0.00362601
F,0.0,0.0,0.0,0.0
F,-0.00213735,0.0,0.0,-0.00213735
F,-0.0298461,0.0,0.0,-0.0298461
F,0.0,0.0,0.0,0.0
F,0.0,0.0,0.0,0.0
F,0.0,0.0,0.0,0.0
F,0.0,0.0,0.0,0.0
F,0.0,0.0,0.0,0.0
F,0.0,0.0,0.0,0.0
F,0.0,0.0,0.0,0.0
F,-0.0659111,0.0,0.0,-0.0659111
F,0.0,0.0,0.0,0.0
F,0.0490315,0.0,0.0,0.0490315
F,0.0,0.0,0.0,0.0
F,0.0,0.0,0.0,0.0
F,0.0,0.0,0.0,0.0
F,0.0,0.0,0.0,0.0
F,0.0,0.0,0.0,0.0
F,0.0,0.0,0.0,0.0
F,-0.131942,0.0,0.0,-0.131942
F,0.0,0.0,0.0,0.0
F,0.0,0.0,0.0,0.0
F,-0.0829687,0.0,0.0,-0.0829687
F,0.0,0.0,0.0,0.0
F,0.0,0.0,0.0,0.0
F,0.0,0.0,0.0,0.0
F,0.0405932,0.0,0.0,0.0405932
F,0.0,0.0,0.0,0.0
F,-0.0705506,0.0,0.0,-0.0705506
F,0.0,0.0,0.0,0.0
F,0.0,0.0,0.0,0.0
F,0.0,0.0,0.0,0.0
F,0.0,0.0,0.0,0.0
F,0.0,0.0,0.0,0.0
F,0.0,0.0,0.0,0.0
F,0.0,0.0,0.0,0.0
F,0.0,0.0,0.0,0.0
F,0.0,0.0,0.0,0.0
F,0.0,0.0,0.0,0.0
F,0.0,0.0,0.0,0.0
F,0.0,0.0,0.0,0.0
F,0.00889138,0.0,0.0,0.00889138
F,0.0,0.0,0.0,0.0
F,0.0,-0.0586031,-0.0586031,-0.0586031
F,0.0,0.0,0.0,0.0
F,0.0,0.0,0.0,0.0
F,0.0864149,0.0,0.0,0.0864149
F,0.0,0.0,0.0,0.0
F,0.0,0.0,0.0,0.0
F,0.0509235,0.0,0.0,0.0509235
F,0.0,0.0,0.0,0.0
F,0.0,0.0,0.0,0.0
F,0.0,0.0,0.0,0.0
F,0.0,0.0,0.0,0.0
F,0.0,0.0,0.0,0.0
F,0.0,0.0,0.0,0.0
F,0.0,0.0,0.0,0.0
F,0.0,0.0,0.0,0.0
F,0.0,0.0,0.0,0.0
F,-0.00232731,0.0,0.0,-0.00232731
F,0.0,0.0,0.0,0.0
F,0.0,0.0,0.0,0.0
F,0.0,0.0,0.0,0.0
F,0.0,0.0,0.0,0.0
F,-0.0695467,0.0,0.0,-0.0695467
F,0.040022,0.0,0.0,0.040022
F,0.0,0.0,0.0,0.0
F,0.0,0.0,0.0,0.0
F,0.0,0.0,0.0,0.0
F,0.0,0.0,0.0,0.0
F,0.0,0.0,0.0,0.0
F,0.0,0.0,0.0,0.0
F,0.0,0.0,0.0,0.0
F,0.0,0.0,0.0,0.0
F,0.0,0.0,0.0,0.0
F,-0.0141253,0.0,0.0,-0.0141253
F,0.0,0.0,0.0,0.0
F,0.0,0.0,0.0,0.0
F,0.0,0.0,0.0,0.0
F,0.0556109,0.0,0.0,0.0556109
F,0.00993974,0.0,0.0,0.00993974
F,0.0,0.0,0.0,0.0
F,0.0,0.0,0.0,0.0
F,0.0509235,0.0,0.0,0.0509235
F,0.0,0.0,0.0,0.0
F,0.0,0.0,0.0,0.0
F,0.0,0.0,0.0,0.0
F,0.0222904,0.0,0.0,0.0222904
F,0.0440969,0.0,0.0,0.0440969
F,0.0,0.0,0.0,0.0
F,0.100156,0.0,0.0,0.100156
F,0.0,0.0,0.0,0.0
F,0.0,0.0,0.0,0.0
F,0.0,0.0,0.0,0.0
F,0.0,0.0,0.0,0.0
F,0.0,0.0,0.0,0.0
F,0.0386905,0.0,0.0,0.0386905
F,-0.0292771,0.0,0.0,-0.0292771
F,0.0,0.0,0.0,0.0
F,0.0,0.0,0.0,0.0
F,0.0,0.0,0.0,0.0
F,0.0,0.0,0.0,0.0
F,0.0,0.0,0.0,0.0
F,0.0,0.0,0.0,0.0
F,0.0,0.0,0.0,0.0
F,0.0,0.0,0.0,0.0
F,0.0,0.0,0.0,0.0
F,0.0,0.0,0.0,0.0
F,0.0,0.0,0.0,0.0
F,-0.0329746,0.0,0.0,-0.0329746
F,0.0,0.0,0.0,0.0
F,0.0,0.0,0.0,0.0
F,-0.099655,0.0,0.0,-0.099655
F,0.0,0.0,0.0,0.0
F,0.0,0.0,0.0,0.0
F,0.0,0.0,0.0,0.0
F,0.0,0.0,0.0,0.0
F,0.0,0.0,0.0,0.0
F,0.0,0.0,0.0,0.0
F,0.0,0.0,0.0,0.0
F,0.0,0.0,0.0,0.0
F,-0.0755203,0.0,0.0,-0.0755203
F,-0.02361,0.0,0.0,-0.02361
F,0.0,0.0,0.0,0.0
F,0.0,0.0,0.0,0.0
F,0.0,0.0,0.0,0.0
F,0.0,0.0,0.0,0.0
F,0.0,0.0,0.0,0.0
F,0.0,0.0,0.0,0.0
F,0.0,0.0,0.0,0.0
F,0.0,0.0,0.0,0.0
F,0.0,0.0,0.0,0.0
F,0.0,0.0,0.0,0.0
F,-0.0884423,0.0,0.0,-0.0884423
F,0.0,0.0,0.0,0.0
F,0.0,0.0,0.0,0.0
F,0.0,0.0,0.0,0.0
F,0.00319488,0.0,0.0,0.00319488
F,0.0,0.0,0.0,0.0
F,0.0,0.0,0.0,0.0
F,0.0,0.0,0.0,0.0
F,0.0,0.0,0.0,0.0
F,0.0,0.0,0.0,0.0
F,0.0,0.0,0.0,0.0
F,0.0,0.0,0.0,0.0
F,-0.0395002,0.0,0.0,-0.0395002
F,0.0,0.0,0.0,0.0
F,0.0599249,0.0,0.0,0.0599249
F,0.0,0.0,0.0,0.0
F,0.0,0.0,0.0,0.0
F,0.000402947,0.0,0.0,0.000402947
F,0.0,0.0,0.0,0.0
F,0.0,0.0,0.0,0.0
F,0.0,0.0,0.0,0.0
F,0.0,0.0,0.0,0.0
F,0.037084,0.0,0.0,0.037084
F,0.0,0.0,0.0,0.0
F,0.0348322,0.0,0.0,0.0348322
F,0.0,0.0,0.0,0.0
F,0.0,0.0,0.0,0.0
F,0.0,0.0,0.0,0.0
F,0.0,0.0,0.0,0.0
F,0.0,0.0,0.0,0.0
F,0.0,0.0,0.0,0.0
F,-0.00232731,0.0,0.0,-0.00232731
F,0.0,0.0,0.0,0.0
F,0.0,0.0,0.0,0.0
F,0.0,0.0,0.0,0.0
F,0.0,0.0,0.0,0.0
F,0.0,0.0,0.0,0.0
F,0.0,0.0,0.0,0.0
F,0.0,0.0,0.0,0.0
F,0.0,0.0,0.0,0.0
F,0.0154197,0.0,0.0,0.0154197
F,0.0,0.0,0.0,0.0
F,0.0,0.0,0.0,0.0
F,0.0,0.0,0.0,0.0
F,0.0,0.0,0.0,0.0
F,0.0,0.0,0.0,0.0
F,0.0,0.0,0.0,0.0
F,0.0,0.0,0.0,0.0
F,0.0,0.0,0.0,0.0
F,0.0,0.0,0.0,0.0
F,0.0,0.0,0.0,0.0
F,0.0,0.0,0.0,0.0
F,0.0,0.0,0.0,0.0
F,0.0,0.0,0.0,0.0
F,0.0,0.0,0.0,0.0
F,0.0,0.0,0.0,0.0
F,-0.0522191,0.0,0.0,-0.0522191
F,0.0,0.0,0.0,0.0
F,0.0405145,0.0,0.0,0.0405145
F,0.0,0.0,0.0,0.0
F,0.0,0.0,0.0,0.0
F,0.0,0.0,0.0,0.0
F,-0.0398503,0.0,0.0,-0.0398503
F,-0.0229669,0.0,0.0,-0.0229669
F,-0.0279403,0.0,0.0,-0.0279403
F,0.0,0.0,0.0,0.0
F,-0.00676781,0.0,0.0,-0.00676781
F,0.0,0.0,0.0,0.0
F,-0.02361,0.0,0.0,-0.02361
F,0.0,0.0,0.0,0.0
F,0.0,0.0,0.0,0.0
F,0.0889741,0.0,0.0,0.0889741
F,0.0,0.0,0.0,0.0
F,0.0,0.0,0.0,0.0
F,0.0289099,0.0,0.0,0.0289099
F,0.0,0.0,0.0,0.0
F,0.0,0.0,0.0,0.0
F,0.0,0.0,0.0,0.0
F,0.0,0.0,0.0,0.0
F,0.0,0.0,0.0,0.0
F,0.0,0.0,0.0,0.0
F,-0.0233651,0.0,0.0,-0.0233651
F,0.0,0.0,0.0,0.0
F,0.0,0.0,0.0,0.0
F,0.0,0.0,0.0,0.0
F,0.0,0.0,0.0,0.0
F,0.0,0.0,0.0,0.0
F,0.0,-0.0466265,-0.0466265,-0.0466265
F,0.0,0.0,0.0,0.0
F,0.0,0.0,0.0,0.0
F,0.0,0.0,0.0,0.0
F,0.0,0.0,0.0,0.0
F,0.0,0.0,0.0,0.0
F,0.0,0.0,0.0,0.0
F,0.0,0.0,0.0,0.0
F,-0.00201234,0.0,0.0,-0.00201234
F,0.0289099,0.0,0.0,0.0289099
F,0.0,0.0,0.0,0.0
F,0.0,0.0,0.0,0.0
F,0.0,0.0,0.0,0.0
F,0.0,0.0,0.0,0.0
F,0.0,0.0,0.0,0.0
F,0.0,0.0,0.0,0.0
F,0.0,0.0,0.0,0.0
F,0.0,0.0,0.0,0.0
F,0.0,0.0,0.0,0.0
F,0.0,0.0,0.0,0.0
F,0.0,0.0,0.0,0.0
F,0.0,0.0,0.0,0.0
F,0.0,0.0,0.0,0.0
F,0.0,0.0,0.0,0.0
F,0.0405145,0.0,0.0,0.0405145
F,0.0,0.0,0.0,0.0
F,0.0,0.0,0.0,0.0
F,0.0,0.0,0.0,0.0
F,-0.112161,0.0,0.0,-0.112161
F,0.0,0.0,0.0,0.0
F,0.00166087,0.0,0.0,0.00166087
F,0.0,0.0,0.0,0.0
F,0.0,-0.0466265,-0.0466265,-0.0466265
F,0.0,0.0,0.0,0.0
F,0.0,0.0,0.0,0.0
F,0.0,0.0,0.0,0.0
F,0.0,0.0,0.0,0.0
F,0.0353372,0.0466646,0.0466646,0.0820018
F,0.0,0.0,0.0,0.0
F,0.0,0.0,0.0,0.0
F,0.0,0.0,0.0,0.0
F,0.0,0.0,0.0,0.0
F,0.0,0.0,0.0,0.0
F,0.0,0.0,0.0,0.0
F,0.0,0.0,0.0,0.0
F,0.0,0.0,0.0,0.0
F,0.0,0.0,0.0,0.0
F,0.0,0.0,0.0,0.0
F,0.0,0.0,0.0,0.0
F,0.0,0.0,0.0,0.0
F,0.0,0.0,0.0,0.0
F,0.0,0.0,0.0,0.0
F,0.0312244,0.0,0.0,0.0312244
F,0.0,0.0,0.0,0.0
F,0.0,0.0,0.0,0.0
F,0.0,0.0,0.0,0.0
F,0.0,0.0,0.0,0.0
F,0.0,0.0,0.0,0.0
F,0.0,0.0,0.0,0.0
F,0.0587241,0.0,0.0,0.0587241
F,0.0,0.0,0.0,0.0
F,-0.0153744,0.0,0.0,-0.0153744
F,0.0,0.0,0.0,0.0
F,0.0,0.0,0.0,0.0
F,0.0,0.0,0.0,0.0
F,0.0,0.0,0.0,0.0
F,0.0,0.0,0.0,0.0
F,0.0,0.0,0.0,0.0
F,0.0,0.0,0.0,0.0
F,0.0,0.0,0.0,0.0
F,0.0,0.0,0.0,0.0
F,0.0,0.0,0.0,0.0
F,0.0,0.0,0.0,0.0
F,0.0,0.0,0.0,0.0
F,0.0,0.0,0.0,0.0
F,0.0,0.0,0.0,0.0
F,0.0,0.0,0.0,0.0
F,0.0,0.0,0.0,0.0
F,0.0214001,0.0,0.0,0.0214001
F,0.0,0.0,0.0,0.0
F,0.0,0.0,0.0,0.0
F,0.0,0.0,0.0,0.0
F,-0.0386479,0.0,0.0,-0.0386479
F,0.0,0.0,0.0,0.0
F,0.0,0.0,0.0,0.0
F,0.0,0.0,0.0,0.0
F,0.0,0.0,0.0,0.0
F,0.0222904,0.0,0.0,0.0222904
F,0.0,0.0,0.0,0.0
F,0.0,0.0,0.0,0.0
F,0.0,0.0,0.0,0.0
F,0.0,0.0,0.0,0.0
F,0.0,0.0,0.0,0.0
F,0.0,0.0,0.0,0.0
F,0.0,0.0,0.0,0.0
F,0.0,0.0,0.0,0.0
F,-0.0219376,0.0,0.0,-0.0219376
F,0.0108928,0.0,0.0,0.0108928
F,-0.00246023,0.0,0.0,-0.00246023
F,0.0,0.0,0.0,0.0
F,0.0,0.0,0.0,0.0
F,0.0,0.0,0.0,0.0
F,-0.0537195,0.0,0.0,-0.0537195
F,0.0,0.0,0.0,0.0
F,0.0,0.0,0.0,0.0
F,0.0,0.0,0.0,0.0
F,0.0,0.0,0.0,0.0
F,0.0,0.0,0.0,0.0
F,0.0,0.0,0.0,0.0
F,0.0,0.0,0.0,0.0
F,0.0,0.0,0.0,0.0
F,0.0,0.0,0.0,0.0
F,0.0156437,0.0,0.0,0.0156437
F,0.0,0.0,0.0,0.0
F,0.0,0.0,0.0,0.0
F,0.0,0.0,0.0,0.0
F,0.0,0.0,0.0,0.0
F,0.0,0.0,0.0,0.0
F,0.0,0.0,0.0,0.0
F,0.0089508,0.0,0.0,0.0089508
F,0.0,0.0,0.0,0.0
F,0.0,0.0,0.0,0.0
F,0.0,0.0,0.0,0.0
F,0.0,0.0,0.0,0.0
F,0.0,0.0,0.0,0.0
F,0.0,0.0,0.0,0.0
F,0.0,0.0,0.0,0.0
F,0.0,0.0,0.0,0.0
F,0.0,0.0,0.0,0.0
F,0.0,0.0,0.0,0.0
F,0.0236891,0.0,0.0,0.0236891
F,0.0,0.0,0.0,0.0
F,0.0,0.0,0.0,0.0
F,0.0,0.0,0.0,0.0
F,0.0,0.0,0.0,0.0
F,0.0,0.0,0.0,0.0
F,0.0,0.0,0.0,0.0
F,0.0769878,0.0,0.0,0.0769878
F,0.0,0.0,0.0,0.0
F,0.0,0.0,0.0,0.0
F,0.0,-0.0466265,-0.0466265,-0.0466265
F,0.0,0.0,0.0,0.0
F,0.0,0.0,0.0,0.0
F,0.0,0.0,0.0,0.0
F,0.0,0.0,0.0,0.0
F,0.0,0.0,0.0,0.0
F,0.0,0.0,0.0,0.0
F,0.0,0.0,0.0,0.0
F,0.0,0.0,0.0,0.0
F,0.00520088,0.0,0.0,0.00520088
F,0.0,0.0,0.0,0.0
F,0.0,0.0,0.0,0.0
F,0.0,0.0,0.0,0.0
F,0.0,0.0,0.0,0.0
F,0.0,0.0,0.0,0.0
F,0.0,0.0,0.0,0.0
F,-0.0412075,0.0,0.0,-0.0412075
F,0.0,0.0,0.0,0.0
F,0.0,0.0,0.0,0.0
F,0.0,0.0,0.0,0.0
F,0.0,0.0,0.0,0.0
F,0.0,0.0,0.0,0.0
F,0.0,0.0,0.0,0.0
F,0.0,0.0,0.0,0.0
F,0.0,0.0,0.0,0.0
F,0.0,0.0,0.0,0.0
F,-0.0119672,0.0,0.0,-0.0119672
F,0.0,0.0,0.0,0.0
F,0.0,0.0,0.0,0.0
F,-0.0194217,0.0,0.0,-0.0194217
F,-0.00410225,0.0,0.0,-0.00410225
F,0.0,0.0,0.0,0.0
F,0.0,0.0,0.0,0.0
F,0.0,0.0,0.0,0.0
F,0.0,0.0,0.0,0.0
F,0.0,0.0,0.0,0.0
F,0.0,0.0,0.0,0.0
F,0.0127376,0.0,0.0,0.0127376
F,0.0,0.0,0.0,0.0
F,0.0,0.0,0.0,0.0
F,0.0,0.0,0.0,0.0
F,0.0,0.0,0.0,0.0
F,0.0,0.0,0.0,0.0
F,0.0,0.0,0.0,0.0
F,0.0,0.0,0.0,0.0
F,0.0,0.0,0.0,0.0
F,0.0,0.0,0.0,0.0
F,0.0,0.0,0.0,0.0
F,0.0,0.0,0.0,0.0
F,0.0,0.0,0.0,0.0
F,0.0,0.0,0.0,0.0
F,0.0,0.0,0.0,0.0
F,0.0,0.0,0.0,0.0
F,0.0,0.0,0.0,0.0
F,0.0,0.0,0.0,0.0
F,0.0,0.0,0.0,0.0
F,0.0,0.0,0.0,0.0
F,-0.124089,0.0,0.0,-0.124089
F,-0.0935975,0.0,0.0,-0.0935975
F,0.0,0.0,0.0,0.0
F,-0.035031,0.0,0.0,-0.035031
F,0.0,0.0,0.0,0.0
F,0.0,0.0,0.0,0.0
F,0.0,0.0,0.0,0.0
F,0.0,0.0,0.0,0.0
F,0.0,0.0,0.0,0.0
F,0.0,0.0,0.0,0.0
F,0.0,0.0,0.0,0.0
F,0.0,0.0,0.0,0.0
F,0.0,0.0,0.0,0.0
F,0.0,0.0,0.0,0.0
F,-0.0215881,0.0,0.0,-0.0215881
F,0.0,0.0,0.0,0.0
F,0.0,0.0,0.0,0.0
F,-0.00181074,0.0,0.0,-0.00181074
F,0.0,0.0,0.0,0.0
F,0.0,0.0,0.0,0.0
F,0.0,0.0,0.0,0.0
F,0.0,0.0,0.0,0.0
F,0.0,0.0,0.0,0.0
F,0.0,0.0,0.0,0.0
F,0.0544574,0.0,0.0,0.0544574
F,0.0,0.0,0.0,0.0
F,0.0,0.0,0.0,0.0
F,0.0,0.0,0.0,0.0
F,0.0,0.0,0.0,0.0
F,0.0,0.0,0.0,0.0
F,0.0,0.0,0.0,0.0
F,0.0,0.0,0.0,0.0
F,0.0,0.0,0.0,0.0
F,0.0,0.0,0.0,0.0
F,0.0,0.0,0.0,0.0
F,0.0,0.0,0.0,0.0
F,0.0,0.0,0.0,0.0
F,0.0,0.0,0.0,0.0
F,0.0,0.0,0.0,0.0
F,-0.0942044,0.0,0.0,-0.0942044
F,0.0,0.0,0.0,0.0
F,0.0,0.0,0.0,0.0
F,0.0,0.0,0.0,0.0
F,0.0,0.0,0.0,0.0
F,0.0,0.0,0.0,0.0
F,0.0,0.0,0.0,0.0
F,0.0,0.0,0.0,0.0
F,0.0,0.0,0.0,0.0
F,0.0,0.0,0.0,0.0
F,0.0,0.0,0.0,0.0
F,0.0,0.0,0.0,0.0
F,0.0,0.0,0.0,0.0
F,0.0,0.0,0.0,0.0
F,0.0,0.0,0.0,0.0
F,-0.0694227,0.0,0.0,-0.0694227
F,0.0,0.0,0.0,0.0
F,0.0,0.0,0.0,0.0
F,0.0,0.0,0.0,0.0
F,0.0,0.0,0.0,0.0
F,-0.0240751,0.0,0.0,-0.0240751
F,-0.0795723,0.0,0.0,-0.0795723
F,0.0,0.0,0.0,0.0
F,0.0,0.0,0.0,0.0
F,0.0,0.0,0.0,0.0
F,0.0,0.0,0.0,0.0
F,0.0,0.0,0.0,0.0
F,0.0,0.0,0.0,0.0
F,0.0,0.0,0.0,0.0
F,0.0,0.0,0.0,0.0
F,0.0,0.0,0.0,0.0
F,0.0907382,0.0,0.0,0.0907382
F,0.0,0.0,0.0,0.0
F,0.0,0.0,0.0,0.0
F,0.0,0.0,0.0,0.0
F,0.00280392,0.0,0.0,0.00280392
F,0.0,0.0,0.0,0.0
F,0.0,0.0,0.0,0.0
F,0.0,0.0,0.0,0.0
F,-0.035031,0.0,0.0,-0.035031
F,0.0,0.0,0.0,0.0
F,0.0,0.0,0.0,0.0
F,0.0193945,0.0,0.0,0.0193945
F,0.0,0.0,0.0,0.0
F,0.0,0.0,0.0,0.0
F,0.0,0.0,0.0,0.0
F,0.0,0.0,0.0,0.0
F,0.0,0.0,0.0,0.0
F,0.0,-0.0206323,-0.0206323,-0.0206323
F,0.0,0.0,0.0,0.0
F,0.0,0.0,0.0,0.0
F,-0.0222799,0.0,0.0,-0.0222799
F,0.0,0.0,0.0,0.0
F,0.0,0.0,0.0,0.0
F,0.0,0.0,0.0,0.0
F,-0.0394621,0.0,0.0,-0.0394621
F,0.0,0.0,0.0,0.0
F,0.0,0.0,0.0,0.0
F,0.0,0.0,0.0,0.0
F,0.0,0.0,0.0,0.0
F,0.0,0.0,0.0,0.0
F,0.0,0.0,0.0,0.0
F,0.0207873,0.0,0.0,0.0207873
F,0.0,0.0,0.0,0.0
F,0.0,0.0,0.0,0.0
F,0.0,0.0,0.0,0.0
F,0.0,0.0,0.0,0.0
F,-0.0109755,0.0,0.0,-0.0109755
F,0.0,0.0,0.0,0.0
F,0.0,0.0,0.0,0.0
F,0.0,0.0,0.0,0.0
F,0.0,0.0,0.0,0.0
F,0.0,0.0,0.0,0.0
F,0.0,0.0,0.0,0.0
F,0.0,0.0,0.0,0.0
F,0.0,0.0,0.0,0.0
F,0.0,0.0,0.0,0.0
F,0.0,0.0,0.0,0.0
F,0.0,0.0,0.0,0.0
F,0.0,0.0,0.0,0.0
F,0.0,0.0,0.0,0.0
F,0.0,0.0,0.0,0.0
F,0.0,0.0,0.0,0.0
F,0.0,0.0,0.0,0.0
F,0.0,0.0,0.0,0.0
F,-0.0168953,0.0,0.0,-0.0168953
F,0.0,0.0,0.0,0.0
F,0.0,0.0,0.0,0.0
F,0.0,0.0,0.0,0.0
F,0.0,0.0,0.0,0.0
F,0.0,0.0,0.0,0.0
F,0.0,0.0,0.0,0.0
F,0.0,0.0,0.0,0.0
F,0.0,0.0,0.0,0.0
F,0.0,0.0,0.0,0.0
F,0.0,0.0,0.0,0.0
F,0.00375408,0.0,0.0,0.00375408
F,0.0,0.0,0.0,0.0
F,0.0,0.0,0.0,0.0
F,0.0,0.0,0.0,0.0
F,0.0,0.0,0.0,0.0
F,0.0,0.0,0.0,0.0
F,0.0,0.0,0.0,0.0
F,0.0,0.0,0.0,0.0
F,0.0,0.0,0.0,0.0
F,0.0,0.0,0.0,0.0
F,0.0,0.0,0.0,0.0
F,0.0,0.0,0.0,0.0
F,0.0,0.0,0.0,0.0
F,0.0,0.0,0.0,0.0
F,0.0,0.0,0.0,0.0
F,0.0,0.0,0.0,0.0
F,0.0,0.0,0.0,0.0
F,0.0,0.0,0.0,0.0
F,-0.0663738,0.0,0.0,-0.0663738
F,-0.0294916,0.0,0.0,-0.0294916
F,0.0,0.0,0.0,0.0
F,0.0,0.0,0.0,0.0
F,0.0,0.0,0.0,0.0
F,0.0,0.0,0.0,0.0
F,-0.0596812,0.0,0.0,-0.0596812
F,0.0,0.0,0.0,0.0
F,0.0,0.0,0.0,0.0
F,0.0,0.0,0.0,0.0
F,0.0,0.0,0.0,0.0
F,0.0,0.0,0.0,0.0
F,0.0,0.0,0.0,0.0
F,0.0,0.0,0.0,0.0
F,0.0,0.0,0.0,0.0
F,0.0,0.0,0.0,0.0
F,0.0,0.0,0.0,0.0
F,0.0,0.0,0.0,0.0
F,-0.035031,0.0,0.0,-0.035031
F,0.0372733,0.0,0.0,0.0372733
F,0.0,0.0,0.0,0.0
F,-0.0314879,0.0,0.0,-0.0314879
F,0.00438145,0.0,0.0,0.00438145
F,0.0,0.0,0.0,0.0
F,0.0,0.0,0.0,0.0
F,0.0,0.0,0.0,0.0
F,0.0,0.0,0.0,0.0
F,0.0,0.0,0.0,0.0
F,0.0,0.0,0.0,0.0
F,0.0,0.0,0.0,0.0
F,0.0,0.0,0.0,0.0
F,0.0,0.0,0.0,0.0
F,0.0,0.0,0.0,0.0
F,0.0,0.0,0.0,0.0
F,0.0,0.0,0.0,0.0
F,0.0,0.0,0.0,0.0
F,0.0,0.0,0.0,0.0
F,0.0,0.0,0.0,0.0
F,0.0,0.0,0.0,0.0
F,0.0,0.0,0.0,0.0
F,0.0,0.0,0.0,0.0
F,0.0,0.0,0.0,0.0
F,0.0,0.0,0.0,0.0
F,0.0,0.0,0.0,0.0
F,0.0,0.0,0.0,0.0
F,0.0,0.0,0.0,0.0
F,0.0,0.0,0.0,0.0
F,0.0,0.0,0.0,0.0
F,0.0,0.0,0.0,0.0
F,0.0,0.0,0.0,0.0
F,0.0,0.0,0.0,0.0
F,0.0,0.0,0.0,0.0
F,0.0,0.0,0.0,0.0
F,0.0,0.0,0.0,0.0
F,0.0,0.0,0.0,0.0
F,0.0,0.0,0.0,0.0
F,0.0,0.0,0.0,0.0
F,0.0,0.0,0.0,0.0
F,0.0,0.0,0.0,0.0
F,0.0,0.0,0.0,0.0
F,-0.011003,0.0,0.0,-0.011003
F,0.0,0.0,0.0,0.0
F,0.0207873,0.0,0.0,0.0207873
F,0.0,0.0,0.0,0.0
F,0.0,0.0,0.0,0.0
F,0.0,0.0,0.0,0.0
F,0.0,0.0,0.0,0.0
F,0.0,0.0,0.0,0.0
F,0.0,0.0,0.0,0.0
F,0.0,0.0,0.0,0.0
F,0.088607,0.0,0.0,0.088607
F,0.0,0.0,0.0,0.0
F,0.0,0.0,0.0,0.0
F,0.0,0.0,0.0,0.0
F,0.0,0.0,0.0,0.0
F,0.0,0.0,0.0,0.0
F,-0.0253704,0.0,0.0,-0.0253704
F,0.0,0.0,0.0,0.0
F,0.0,0.0,0.0,0.0
F,0.0,0.0,0.0,0.0
F,0.0,0.0,0.0,0.0
F,0.0,0.0,0.0,0.0
F,0.0,0.0,0.0,0.0
F,0.0,0.0,0.0,0.0
F,0.0,0.0,0.0,0.0
F,0.0,0.0,0.0,0.0
F,0.0,0.0,0.0,0.0
F,-0.00762933,0.0,0.0,-0.00762933
F,0.0,0.0,0.0,0.0
F,0.0,0.0,0.0,0.0
F,0.0,0.0,0.0,0.0
F,0.0,0.0,0.0,0.0
F,0.0,0.0,0.0,0.0
F,0.0,0.0,0.0,0.0
F,0.0,0.0,0.0,0.0
F,0.0199894,0.0,0.0,0.0199894
F,0.0186511,0.0,0.0,0.0186511
F,0.0,0.0,0.0,0.0
F,0.0,0.0,0.0,0.0
F,0.0,0.0,0.0,0.0
F,0.0,0.0,0.0,0.0
F,0.0,0.0,0.0,0.0
F,0.0,0.0,0.0,0.0
F,0.0,0.0,0.0,0.0
F,0.0,0.0,0.0,0.0
F,0.0,0.0,0.0,0.0
F,-0.0229669,0.0,0.0,-0.0229669
F,0.0,0.0,0.0,0.0
F,0.0,0.0,0.0,0.0
F,0.0,0.0,0.0,0.0
F,0.0,0.0,0.0,0.0
F,0.0,0.0,0.0,0.0
F,0.0,0.0,0.0,0.0
F,0.0,0.0,0.0,0.0
F,0.0,0.0,0.0,0.0
F,0.0,0.0,0.0,0.0
F,0.0,0.0,0.0,0.0
F,0.0,0.0,0.0,0.0
F,-0.0219376,0.0,0.0,-0.0219376
F,0.105205,0.0,0.0,0.105205
F,-0.04102,0.0,0.0,-0.04102
F,0.0,0.0,0.0,0.0
F,0.0372733,0.0,0.0,0.0372733
F,0.0,0.0,0.0,0.0
F,0.0,0.0,0.0,0.0
F,-0.00213735,0.0,0.0,-0.00213735
F,0.0,0.0,0.0,0.0
F,0.0,0.0,0.0,0.0
F,0.0,0.0,0.0,0.0
F,0.0193945,0.0,0.0,0.0193945
F,0.0,0.0,0.0,0.0
F,0.0,0.0,0.0,0.0
F,0.0,0.0,0.0,0.0
F,0.0,0.0,0.0,0.0
F,0.0,0.0,0.0,0.0
F,0.0,0.0,0.0,0.0
F,0.0,0.0,0.0,0.0
F,0.0,0.0,0.0,0.0
F,0.0,0.0,0.0,0.0
F,-0.0399838,0.0,0.0,-0.0399838
F,0.0,0.0,0.0,0.0
F,-0.00232731,0.0,0.0,-0.00232731
F,0.0,0.0,0.0,0.0
F,0.0,0.0,0.0,0.0
F,0.0,0.0,0.0,0.0
F,0.0,0.0,0.0,0.0
F,0.0,0.0,0.0,0.0
F,-0.0431203,0.0,0.0,-0.0431203
F,0.0,0.0,0.0,0.0
F,0.0,0.0,0.0,0.0
F,0.0,0.0,0.0,0.0
F,-0.0322011,0.0,0.0,-0.0322011
F,0.0,0.0,0.0,0.0
F,0.0,0.0,0.0,0.0
F,0.0,0.0,0.0,0.0
F,0.0,0.0,0.0,0.0
F,0.0,0.0,0.0,0.0
F,0.0,0.0,0.0,0.0
F,0.0,0.0,0.0,0.0
F,0.0,0.0,0.0,0.0
F,0.0,-0.0542835,-0.0542835,-0.0542835
F,0.0,0.0,0.0,0.0
F,0.0,0.0,0.0,0.0
F,0.0,0.0,0.0,0.0
F,0.0,0.0,0.0,0.0
F,0.0,0.0,0.0,0.0
F,0.0,0.0,0.0,0.0
F,0.0,0.0,0.0,0.0
F,0.0,0.0,0.0,0.0
F,0.0,0.0,0.0,0.0
F,0.0,0.0,0.0,0.0
F,0.0,0.0,0.0,0.0
F,0.0,0.0,0.0,0.0
F,-0.0283459,0.0,0.0,-0.0283459
F,-0.0116891,0.0,0.0,-0.0116891
F,0.0,0.0,0.0,0.0
F,-0.07188,0.0,0.0,-0.07188
F,0.0,0.0,0.0,0.0
F,0.0,0.0,0.0,0.0
F,0.0,0.0,0.0,0.0
F,0.0,0.0,0.0,0.0
F,0.0281524,0.0,0.0,0.0281524
F,0.0,0.0,0.0,0.0
F,0.0,0.0,0.0,0.0
F,0.0,0.0,0.0,0.0
F,-0.0234294,0.0,0.0,-0.0234294
F,0.0,0.0,0.0,0.0
F,0.0,0.0,0.0,0.0
F,0.0,0.0,0.0,0.0
F,0.0,0.0,0.0,0.0
F,0.0,0.0,0.0,0.0
F,0.0,0.0,0.0,0.0
F,0.0,0.0,0.0,0.0
F,-0.00362601,0.0,0.0,-0.00362601
F,0.0,0.0,0.0,0.0
F,0.00961579,0.0,0.0,0.00961579
F,0.0,0.0,0.0,0.0
F,0.0,0.0,0.0,0.0
F,0.0,0.0,0.0,0.0
F,0.0,0.0,0.0,0.0
F,0.0,0.0,0.0,0.0
F,-0.0229669,0.0,0.0,-0.0229669
F,0.0,0.0,0.0,0.0
F,0.0,0.0,0.0,0.0
F,0.0,0.0,0.0,0.0
F,-0.0110878,0.0,0.0,-0.0110878
F,0.0,0.0,0.0,0.0
F,0.0,0.0,0.0,0.0
F,0.0,0.0,0.0,0.0
F,-0.000366483,0.0,0.0,-0.000366483
F,0.0,0.0,0.0,0.0
F,0.0,0.0,0.0,0.0
F,0.0173691,0.0,0.0,0.0173691
F,0.00817452,0.0,0.0,0.00817452
F,0.0,0.0,0.0,0.0
F,0.0,0.0,0.0,0.0
F,0.0,0.0,0.0,0.0
F,0.0,0.0,0.0,0.0
F,0.0,0.0,0.0,0.0
F,0.0,0.0,0.0,0.0
F,0.0,0.0,0.0,0.0
F,0.0,0.0,0.0,0.0
F,0.0,0.0,0.0,0.0
F,0.0,0.0,0.0,0.0
F,0.0106867,0.0,0.0,0.0106867
F,0.0,0.0,0.0,0.0
F,0.0,0.0,0.0,0.0
F,0.0,0.0,0.0,0.0
F,0.0,0.0,0.0,0.0
F,0.0,0.0,0.0,0.0
F,0.0,0.0,0.0,0.0
F,0.0,0.0,0.0,0.0
F,0.0,0.0,0.0,0.0
F,0.0,0.0,0.0,0.0
F,0.0,0.0,0.0,0.0
F,0.0,0.0,0.0,0.0
F,0.0,0.0,0.0,0.0
F,0.0,0.0,0.0,0.0
F,0.0,0.0,0.0,0.0
F,0.0,0.0,0.0,0.0
F,0.0,0.0,0.0,0.0
F,0.0,0.0,0.0,0.0
F,0.0601763,0.0,0.0,0.0601763
F,0.0173691,0.0,0.0,0.0173691
F,0.0,0.0,0.0,0.0
F,0.0,0.0,0.0,0.0
F,0.0,0.0,0.0,0.0
F,0.0,0.0,0.0,0.0
F,0.0,0.0,0.0,0.0
F,0.0340003,0.0,0.0,0.0340003
F,-0.0705506,0.0,0.0,-0.0705506
F,0.0,0.0,0.0,0.0
F,0.0,0.0,0.0,0.0
F,0.0,0.0,0.0,0.0
F,0.0,0.0,0.0,0.0
F,0.0,0.0,0.0,0.0
F,0.0,0.0,0.0,0.0
F,0.0,0.0,0.0,0.0
F,0.0,0.0,0.0,0.0
F,0.0,0.0,0.0,0.0
F,0.0,0.0,0.0,0.0
F,-0.0405142,0.0,0.0,-0.0405142
F,-0.0739011,0.0,0.0,-0.0739011
F,0.0,0.0,0.0,0.0
F,0.0835329,0.0,0.0,0.0835329
F,0.0,0.0,0.0,0.0
F,0.0,0.0,0.0,0.0
F,0.0,0.0,0.0,0.0
F,0.0,0.0,0.0,0.0
F,0.0,0.0,0.0,0.0
F,0.0,0.0,0.0,0.0
F,0.0,0.0,0.0,0.0
F,0.0,0.0,0.0,0.0
F,0.0,0.0,0.0,0.0
F,0.0,0.0,0.0,0.0
F,0.0835329,0.0,0.0,0.0835329
F,0.0,0.0,0.0,0.0
F,0.0444707,0.0,0.0,0.0444707
F,-0.0160586,0.0,0.0,-0.0160586
F,0.0,0.0,0.0,0.0
F,0.0,0.0,0.0,0.0
F,0.0,0.0,0.0,0.0
F,0.0,0.0,0.0,0.0
F,0.0,0.0,0.0,0.0
F,0.0,0.0,0.0,0.0
F,0.0,0.0,0.0,0.0
F,0.0,0.0,0.0,0.0
F,0.0198593,0.0,0.0,0.0198593
F,0.0405932,0.0,0.0,0.0405932
F,0.0,0.0,0.0,0.0
F,0.0,0.0,0.0,0.0
F,-0.0215881,0.0,0.0,-0.0215881
F,0.0456274,0.0,0.0,0.0456274
F,0.0,0.0,0.0,0.0
F,0.0,0.0,0.0,0.0
F,-0.0724907,0.0,0.0,-0.0724907
F,0.0,0.0,0.0,0.0
F,0.0488371,0.0,0.0,0.0488371
F,-0.0229669,0.0,0.0,-0.0229669
F,0.0,0.0,0.0,0.0
F,0.0,0.0,0.0,0.0
F,0.0,0.0,0.0,0.0
F,0.0,0.0,0.0,0.0
F,0.0,0.0,0.0,0.0
F,0.0499474,0.0,0.0,0.0499474
F,0.0,0.0,0.0,0.0
F,0.0,0.0,0.0,0.0
F,-0.00296833,0.0,0.0,-0.00296833
F,0.0,0.0,0.0,0.0
F,0.0,0.0,0.0,0.0
F,0.0,0.0,0.0,0.0
F,0.0,0.0,0.0,0.0
F,0.0,0.0,0.0,0.0
F,0.0,0.0,0.0,0.0
F,0.0,0.0,0.0,0.0
F,0.0,0.0,0.0,0.0
F,0.0,0.0,0.0,0.0
F,0.0,0.0,0.0,0.0
F,0.0,0.0,0.0,0.0
F,0.0,0.0,0.0,0.0
F,0.0,0.0,0.0,0.0
F,0.0,0.0,0.0,0.0
F,0.0,0.0,0.0,0.0
F,0.00309912,0.0,0.0,0.00309912
F,0.0,0.0,0.0,0.0
F,-0.0405142,0.0,0.0,-0.0405142
F,0.0,0.0,0.0,0.0
F,0.0,0.0,0.0,0.0
F,0.0,0.0,0.0,0.0
F,0.0,0.0,0.0,0.0
F,0.0,0.0,0.0,0.0
F,0.0,0.0,0.0,0.0
F,0.0,0.0,0.0,0.0
F,0.0,0.0,0.0,0.0
F,0.0,0.0,0.0,0.0
F,0.0,0.0,0.0,0.0
F,0.0,0.0,0.0,0.0
F,0.0,0.0,0.0,0.0
F,0.0,0.0,0.0,0.0
F,0.0,0.0,0.0,0.0
F,0.0522978,0.0,0.0,0.0522978
F,0.0,0.0,0.0,0.0
F,0.0,0.0,0.0,0.0
F,0.0,0.0,0.0,0.0
F,0.0,0.0,0.0,0.0
F,0.0,0.0,0.0,0.0
F,0.0,0.0,0.0,0.0
F,0.0,0.0,0.0,0.0
F,0.0,0.0,0.0,0.0
F,0.0,0.0,0.0,0.0
F,0.0,0.0,0.0,0.0
F,0.0,0.0,0.0,0.0
F,0.0,0.0,0.0,0.0
F,0.0,0.0,0.0,0.0
F,0.0,0.0,0.0,0.0
F,0.0,0.0,0.0,0.0
F,0.0,0.0,0.0,0.0
F,0.0,0.0,0.0,0.0
F,0.0,0.0,0.0,0.0
F,0.0,0.0,0.0,0.0
F,0.0,0.0,0.0,0.0
F,-0.0122485,0.0,0.0,-0.0122485
F,0.0,0.0,0.0,0.0
F,0.0,0.0,0.0,0.0
F,0.0,0.0,0.0,0.0
F,0.0,0.0,0.0,0.0
F,0.0,0.0,0.0,0.0
F,0.0,0.0,0.0,0.0
F,0.0,0.0,0.0,0.0
F,0.0396974,0.0,0.0,0.0396974
F,0.0,0.0,0.0,0.0
F,0.0,0.0,0.0,0.0
F,0.0,0.0,0.0,0.0
F,0.0,0.0,0.0,0.0
F,-0.02361,0.0,0.0,-0.02361
F,0.0,0.0,0.0,0.0
F,0.0,0.0,0.0,0.0
F,-0.0285078,0.0,0.0,-0.0285078
F,0.0,0.0,0.0,0.0
F,0.0,0.0,0.0,0.0
F,0.0,0.0,0.0,0.0
F,-0.07188,0.0,0.0,-0.07188
F,0.0,0.0,0.0,0.0
F,0.0,0.0,0.0,0.0
F,0.0,-0.0293232,-0.0293232,-0.0293232
F,0.0,0.0,0.0,0.0
F,0.0,0.0,0.0,0.0
F,0.0,0.0,0.0,0.0
F,0.0,0.0,0.0,0.0
F,0.0,-0.0466265,-0.0466265,-0.0466265
F,0.0,0.0,0.0,0.0
F,0.0,0.0,0.0,0.0
F,-0.0920223,0.0,0.0,-0.0920223
F,0.0,0.0,0.0,0.0
F,0.0,0.0,0.0,0.0
F,0.0,0.0,0.0,0.0
F,0.0,0.0,0.0,0.0
F,0.0,0.0,0.0,0.0
F,0.0,0.0,0.0,0.0
F,0.0,0.0,0.0,0.0
F,0.0,0.0,0.0,0.0
F,0.0,0.0,0.0,0.0
F,0.0,0.0,0.0,0.0
F,0.0,0.0,0.0,0.0
F,0.0,0.0,0.0,0.0
F,0.0,0.0,0.0,0.0
F,0.0,0.0,0.0,0.0
F,0.0,0.0,0.0,0.0
F,-0.0336707,0.0,0.0,-0.0336707
F,-0.0229669,0.0,0.0,-0.0229669
F,0.0,0.0,0.0,0.0
F,0.0,0.0,0.0,0.0
F,0.0,-0.0542835,-0.0542835,-0.0542835
F,0.0,0.0,0.0,0.0
F,0.0,0.0,0.0,0.0
F,0.0,0.0,0.0,0.0
F,0.0,0.0,0.0,0.0
F,0.0,0.0,0.0,0.0
F,0.0,0.0,0.0,0.0
F,0.0498027,0.0,0.0,0.0498027
F,0.0,0.0,0.0,0.0
F,0.0,0.0,0.0,0.0
F,0.0,-0.0466265,-0.0466265,-0.0466265
F,0.0,0.0,0.0,0.0
F,0.0,0.0,0.0,0.0
F,0.0,0.0,0.0,0.0
F,0.0,0.0,0.0,0.0
F,0.0,0.0,0.0,0.0
F,0.0,0.0,0.0,0.0
F,0.0,0.0,0.0,0.0
F,0.0,0.0,0.0,0.0
F,0.0,0.0,0.0,0.0
F,-0.0127565,0.0,0.0,-0.0127565
F,0.0,0.0,0.0,0.0
F,0.0,0.0,0.0,0.0
F,0.0,0.0,0.0,0.0
F,0.0,0.0,0.0,0.0
F,-0.0117107,0.0,0.0,-0.0117107
F,0.0,0.0,0.0,0.0
F,0.0,0.0,0.0,0.0
F,0.0,0.0,0.0,0.0
F,0.0,0.0,0.0,0.0
F,0.0,0.0,0.0,0.0
F,0.0,0.0,0.0,0.0
F,0.0,0.0,0.0,0.0
F,0.0,0.0,0.0,0.0
F,0.0,0.0,0.0,0.0
F,0.0,0.0,0.0,0.0
F,0.0,0.0,0.0,0.0
F,0.0,0.0,0.0,0.0
F,0.0,0.0,0.0,0.0
F,0.0,0.0,0.0,0.0
F,0.0,0.0,0.0,0.0
F,0.0,0.0,0.0,0.0
F,0.0,0.0,0.0,0.0
F,0.0,0.0,0.0,0.0
F,0.0,0.0,0.0,0.0
F,-0.0795723,0.0,0.0,-0.0795723
F,0.0,0.0,0.0,0.0
F,0.0143391,0.0,0.0,0.0143391
F,0.0,0.0,0.0,0.0
F,0.0144687,0.0,0.0,0.0144687
F,-0.0394891,0.0,0.0,-0.0394891
F,0.0,0.0,0.0,0.0
F,0.0,0.0,0.0,0.0
F,0.0,0.0,0.0,0.0
F,0.0173691,0.0,0.0,0.0173691
F,0.0,0.0,0.0,0.0
F,0.0,0.0,0.0,0.0
F,0.0,0.0,0.0,0.0
F,0.0,0.0,0.0,0.0
F,0.0,0.0,0.0,0.0
F,0.0,0.0,0.0,0.0
F,0.0,0.0,0.0,0.0
F,0.0,0.0576284,0.0576284,0.0576284
F,0.0,0.0,0.0,0.0
F,0.0,0.0,0.0,0.0
F,0.0,0.0,0.0,0.0
F,0.0,0.0,0.0,0.0
F,-0.0459057,0.0,0.0,-0.0459057
F,0.0,0.0,0.0,0.0
F,0.0,0.0,0.0,0.0
F,0.0,0.0,0.0,0.0
F,0.0,0.0,0.0,0.0
F,0.0,0.0,0.0,0.0
F,0.0,0.0,0.0,0.0
F,0.0,0.0,0.0,0.0
F,0.0,0.0,0.0,0.0
F,0.0,0.0,0.0,0.0
F,0.0,0.0,0.0,0.0
F,0.0778629,0.0,0.0,0.0778629
F,0.0540712,0.0,0.0,0.0540712
F,0.0,0.0,0.0,0.0
F,0.0,0.0,0.0,0.0
F,0.0,0.0,0.0,0.0
F,0.0,0.0,0.0,0.0
F,0.0,0.0,0.0,0.0
F,0.0,0.0,0.0,0.0
F,0.0,0.0,0.0,0.0
F,0.0,0.0,0.0,0.0
F,0.0,0.0,0.0,0.0
F,0.0,0.0,0.0,0.0
F,0.0599249,0.0,0.0,0.0599249
F,0.0,0.0,0.0,0.0
F,0.0,0.0,0.0,0.0
F,0.0,0.0,0.0,0.0
F,0.0218136,0.0,0.0,0.0218136
F,0.0,0.0,0.0,0.0
F,0.0,0.0,0.0,0.0
F,0.0,0.0,0.0,0.0
F,0.0,0.0,0.0,0.0
F,0.0,0.0,0.0,0.0
F,0.0,0.0,0.0,0.0
F,0.0,0.0,0.0,0.0
F,0.0,0.0,0.0,0.0
F,0.0,0.0,0.0,0.0
F,0.0,0.0,0.0,0.0
F,0.0,0.0,0.0,0.0
F,0.0,0.0,0.0,0.0
F,0.0,0.0,0.0,0.0
F,0.0,0.0,0.0,0.0
F,0.0,0.0,0.0,0.0
F,0.0,0.0,0.0,0.0
F,0.0749317,0.0,0.0,0.0749317
F,0.0,0.0,0.0,0.0
F,-0.0116119,-0.0466265,-0.0466265,-0.0582384
F,0.0,0.0,0.0,0.0
F,0.0,0.0,0.0,0.0
F,0.0382172,0.0,0.0,0.0382172
F,0.0,0.0,0.0,0.0
F,0.0,0.0,0.0,0.0
F,-0.124089,0.0,0.0,-0.124089
F,0.024999,0.0,0.0,0.024999
F,-0.035031,0.0,0.0,-0.035031
F,0.0,0.0,0.0,0.0
F,0.0,0.0,0.0,0.0
F,-0.00355223,0.0,0.0,-0.00355223
F,-0.00362601,0.0,0.0,-0.00362601
F,0.0,0.0,0.0,0.0
F,0.0,0.0,0.0,0.0
F,-0.0233651,0.0,0.0,-0.0233651
F,0.0,0.0,0.0,0.0
F,0.0,0.0,0.0,0.0
F,0.0,0.0,0.0,0.0
F,0.0,0.0,0.0,0.0
F,0.0,0.0,0.0,0.0
F,0.0,0.0,0.0,0.0
F,0.0,0.0,0.0,0.0
F,0.0,0.0,0.0,0.0
F,0.0,0.0,0.0,0.0
F,0.0,0.0,0.0,0.0
F,0.0,0.0,0.0,0.0
F,0.0,0.0,0.0,0.0
F,-0.0229669,0.0,0.0,-0.0229669
F,0.0,0.0,0.0,0.0
F,0.0,0.0,0.0,0.0
F,0.0,0.0,0.0,0.0
F,0.0,0.0,0.0,0.0
F,0.0,0.0,0.0,0.0
F,0.0,0.0,0.0,0.0
F,-0.0036375,0.0,0.0,-0.0036375
F,0.0,0.0,0.0,0.0
F,-0.0231168,0.0,0.0,-0.0231168
F,0.0,0.0,0.0,0.0
F,0.0,0.0,0.0,0.0
F,0.0,0.0,0.0,0.0
F,0.0,0.0,0.0,0.0
F,-0.0443783,0.0,0.0,-0.0443783
F,0.0,0.0,0.0,0.0
F,0.0,0.0,0.0,0.0
F,0.0,0.0,0.0,0.0
F,0.0,0.0,0.0,0.0
F,0.0,0.0,0.0,0.0
F,0.0,0.0,0.0,0.0
F,0.0312473,0.0,0.0,0.0312473
F,-0.0996576,0.0,0.0,-0.0996576
F,0.0,0.0,0.0,0.0
F,0.0,0.0,0.0,0.0
F,0.0,0.0,0.0,0.0
F,0.0,0.0,0.0,0.0
F,0.0,0.0,0.0,0.0
F,0.0,0.0,0.0,0.0
F,0.0,0.0,0.0,0.0
F,0.0,0.0,0.0,0.0
F,0.0,0.0,0.0,0.0
F,0.0,0.0,0.0,0.0
F,0.0173691,0.0,0.0,0.0173691
F,0.0,0.0,0.0,0.0
F,0.0,0.0,0.0,0.0
F,0.0,0.0,0.0,0.0
F,0.0,0.0,0.0,0.0
F,0.0,0.0,0.0,0.0
F,0.0,0.0,0.0,0.0
F,0.0,0.0,0.0,0.0
F,0.0,0.0,0.0,0.0
F,0.0,0.0,0.0,0.0
F,0.0,0.0,0.0,0.0
F,0.0,0.0,0.0,0.0
F,-0.0795723,0.0,0.0,-0.0795723
F,0.0,0.0,0.0,0.0
F,0.0,0.0,0.0,0.0
F,0.0,0.0,0.0,0.0
F,0.0,0.0,0.0,0.0
F,0.0,0.0,0.0,0.0
F,0.0201123,0.0,0.0,0.0201123
F,0.0,0.0,0.0,0.0
F,0.0,0.0,0.0,0.0
F,0.0,0.0,0.0,0.0
F,-0.00362601,0.0,0.0,-0.00362601
F,0.0,0.0,0.0,0.0
F,0.0,0.0,0.0,0.0
F,-0.0895753,0.0,0.0,-0.0895753
F,0.0,0.0,0.0,0.0
F,0.0,0.0,0.0,0.0
F,0.0,0.0,0.0,0.0
F,-0.000271317,0.0,0.0,-0.000271317
F,0.0,0.0,0.0,0.0
F,0.0,0.0,0.0,0.0
F,0.0,-0.0466265,-0.0466265,-0.0466265
F,0.0412645,0.0,0.0,0.0412645
F,0.0,0.0,0.0,0.0
F,0.0,0.0,0.0,0.0
F,0.0,0.0,0.0,0.0
F,0.0,0.0,0.0,0.0
F,0.0,0.0,0.0,0.0
F,0.0,0.0,0.0,0.0
F,0.0,0.0,0.0,0.0
F,0.0,0.0,0.0,0.0
F,0.0,0.0,0.0,0.0
F,0.0,0.0,0.0,0.0
F,0.0,0.0,0.0,0.0
F,0.0,0.0,0.0,0.0
F,0.0,0.0,0.0,0.0
F,0.0,0.0,0.0,0.0
F,0.0,0.0,0.0,0.0
F,0.0,0.0,0.0,0.0
F,0.0315614,0.0,0.0,0.0315614
F,0.0,0.0,0.0,0.0
F,0.0186119,0.0,0.0,0.0186119
F,-0.034258,0.0,0.0,-0.034258
F,0.0,0.0,0.0,0.0
F,0.0,0.0,0.0,0.0
F,0.0,0.0,0.0,0.0
F,0.0,0.0,0.0,0.0
F,0.0,0.0,0.0,0.0
F,0.0,0.0,0.0,0.0
F,0.0,0.0,0.0,0.0
F,0.0,0.0,0.0,0.0
F,0.0,0.0,0.0,0.0
F,0.0,0.0,0.0,0.0
F,0.0,0.0,0.0,0.0
F,0.0,0.0,0.0,0.0
F,0.0504296,0.0,0.0,0.0504296
F,0.0,0.0,0.0,0.0
F,0.0,0.0,0.0,0.0
F,0.0,0.0,0.0,0.0
F,0.0,0.0,0.0,0.0
F,0.0,0.0,0.0,0.0
F,0.0,0.0,0.0,0.0
F,0.0,0.0,0.0,0.0
F,0.0,0.0,0.0,0.0
F,0.0,0.0,0.0,0.0
F,0.0,0.0,0.0,0.0
F,0.0,0.0,0.0,0.0
F,0.0,0.0,0.0,0.0
F,-0.0229783,0.0,0.0,-0.0229783
F,0.0,0.0,0.0,0.0
F,0.0,0.0,0.0,0.0
F,0.0,0.0,0.0,0.0
F,0.0,0.0536788,0.0536788,0.0536788
F,0.0,0.0,0.0,0.0
F,0.0,0.0,0.0,0.0
F,0.0,0.0,0.0,0.0
F,0.0,0.0,0.0,0.0
F,0.0143391,0.0,0.0,0.0143391
F,0.0,0.0,0.0,0.0
F,0.0,0.0,0.0,0.0
F,0.0,0.0,0.0,0.0
F,0.0,0.0,0.0,0.0
F,0.0,0.0,0.0,0.0
F,0.0,0.0,0.0,0.0
F,0.0,0.0,0.0,0.0
F,0.0,0.0,0.0,0.0
F,0.0,0.0,0.0,0.0
F,0.0,0.0,0.0,0.0
F,-0.0395002,0.0,0.0,-0.0395002
F,0.0,0.0,0.0,0.0
F,-0.00410225,0.0,0.0,-0.00410225
F,0.0,0.0,0.0,0.0
F,0.0,0.0,0.0,0.0
F,0.0,0.0,0.0,0.0
F,0.0,0.0,0.0,0.0
F,0.0,0.0,0.0,0.0
F,0.0,0.0,0.0,0.0
F,0.0,0.0,0.0,0.0
F,0.0,0.0,0.0,0.0
F,0.0,0.0,0.0,0.0
F,0.0,0.0,0.0,0.0
F,0.0,0.0,0.0,0.0
F,0.0,0.0,0.0,0.0
F,0.0,0.0,0.0,0.0
F,0.0,0.0,0.0,0.0
F,0.0,0.0,0.0,0.0
F,0.0,0.0,0.0,0.0
F,0.0,0.0,0.0,0.0
F,0.0,0.0,0.0,0.0
F,0.0,0.0,0.0,0.0
F,0.0,0.0,0.0,0.0
F,0.0,0.0,0.0,0.0
F,-0.0705506,0.0,0.0,-0.0705506
F,0.0,0.0,0.0,0.0
F,-0.0329746,0.0,0.0,-0.0329746
F,0.0194623,0.0,0.0,0.0194623
F,-0.0272615,0.0,0.0,-0.0272615
F,0.0,0.0,0.0,0.0
F,0.0161919,0.0,0.0,0.0161919
F,0.12303,0.0,0.0,0.12303
F,0.0,0.0,0.0,0.0
F,0.0,0.0,0.0,0.0
F,-0.0386479,0.0,0.0,-0.0386479
F,0.0,0.0,0.0,0.0
F,0.0,0.0,0.0,0.0
F,-0.0251402,0.0,0.0,-0.0251402
F,0.0,0.0,0.0,0.0
F,0.0,0.0,0.0,0.0
F,0.0,0.0,0.0,0.0
F,0.0,0.0,0.0,0.0
F,0.0,0.0,0.0,0.0
F,0.024999,0.0,0.0,0.024999
F,0.0,0.0,0.0,0.0
F,0.0,0.0,0.0,0.0
F,-0.0147897,0.0,0.0,-0.0147897
F,0.0,0.0,0.0,0.0
F,0.0,0.0,0.0,0.0
F,0.0,0.0,0.0,0.0
F,0.0,0.0,0.0,0.0
F,0.0,0.0,0.0,0.0
F,0.0,0.0,0.0,0.0
F,0.0,0.0,0.0,0.0
F,0.0,0.0,0.0,0.0
F,-0.035031,0.0,0.0,-0.035031
F,-0.0369465,0.0,0.0,-0.0369465
F,0.0,0.0,0.0,0.0
F,0.0,0.0,0.0,0.0
F,0.0,0.0,0.0,0.0
F,0.0,0.0,0.0,0.0
F,0.0,0.0,0.0,0.0
F,0.0,0.0,0.0,0.0
F,-0.00929209,0.0,0.0,-0.00929209
F,0.0,0.0,0.0,0.0
F,0.0,0.0,0.0,0.0
F,0.0,0.0,0.0,0.0
F,0.0,0.0,0.0,0.0
F,0.0,0.0,0.0,0.0
F,-0.0837387,0.0,0.0,-0.0837387
F,0.0,0.0,0.0,0.0
F,0.0,0.0,0.0,0.0
F,0.0,0.0,0.0,0.0
F,0.0,0.0,0.0,0.0
F,0.0,0.0,0.0,0.0
F,0.0,0.0,0.0,0.0
F,0.0,0.0,0.0,0.0
F,0.0,0.0,0.0,0.0
F,0.0,0.0,0.0,0.0
F,0.0,0.0,0.0,0.0
F,0.0,0.0,0.0,0.0
F,0.0,0.0,0.0,0.0
F,0.00995187,0.0,0.0,0.00995187
F,0.0,0.0,0.0,0.0
F,0.0,0.0,0.0,0.0
F,0.0,0.0,0.0,0.0
F,0.0,0.0,0.0,0.0
F,0.0,0.0,0.0,0.0
F,0.0,-0.0523309,-0.0523309,-0.0523309
F,0.0,0.0,0.0,0.0
F,0.0,0.0,0.0,0.0
F,0.0,0.0,0.0,0.0
F,0.0,0.0,0.0,0.0
F,0.0319347,0.0,0.0,0.0319347
F,0.0,0.0,0.0,0.0
F,0.0,0.0,0.0,0.0
F,0.0,0.0,0.0,0.0
F,0.0,0.0,0.0,0.0
F,0.0,0.0,0.0,0.0
F,0.120139,0.0,0.0,0.120139
F,0.0,0.0,0.0,0.0
F,0.0,0.0,0.0,0.0
F,0.0,0.0,0.0,0.0
F,0.0,0.0,0.0,0.0
F,0.0,0.0,0.0,0.0
F,-0.00362601,0.0,0.0,-0.00362601
F,0.0708593,0.0,0.0,0.0708593
F,0.0,0.0,0.0,0.0
F,0.0,0.0,0.0,0.0
F,0.0,0.0,0.0,0.0
F,0.0,0.0,0.0,0.0
F,0.0,0.0,0.0,0.0
F,0.0,0.0,0.0,0.0
F,-0.0322011,0.0,0.0,-0.0322011
F,0.0,0.0,0.0,0.0
F,0.0,0.0,0.0,0.0
F,0.0,0.0,0.0,0.0
F,0.0,0.0,0.0,0.0
F,0.0,0.0,0.0,0.0
F,0.0,0.0,0.0,0.0
F,0.0,0.0,0.0,0.0
F,-0.0375519,0.0,0.0,-0.0375519
F,-0.0210334,0.0,0.0,-0.0210334
F,0.0,0.0,0.0,0.0
F,0.0,0.0,0.0,0.0
F,-0.064631,0.0,0.0,-0.064631
F,0.0,0.0,0.0,0.0
F,0.0,0.0,0.0,0.0
F,0.0,0.0,0.0,0.0
F,0.0,0.0,0.0,0.0
F,0.0,0.0,0.0,0.0
F,0.0,0.0,0.0,0.0
F,0.0,0.0,0.0,0.0
F,0.0,0.0,0.0,0.0
F,0.0,0.0,0.0,0.0
F,0.0,0.0,0.0,0.0
F,0.0,0.0,0.0,0.0
F,0.0,0.0,0.0,0.0
F,0.0,0.0,0.0,0.0
F,0.0,0.0,0.0,0.0
F,0.0,0.0,0.0,0.0
F,0.0,0.0,0.0,0.0
F,0.0,0.0,0.0,0.0
F,0.0,0.0,0.0,0.0
F,0.0,0.0,0.0,0.0
F,0.0,0.0,0.0,0.0
F,0.0,0.0,0.0,0.0
F,0.0,0.0,0.0,0.0
F,0.0,0.0,0.0,0.0
F,0.0,0.0,0.0,0.0
F,0.0,0.0,0.0,0.0
F,0.0,0.0,0.0,0.0
F,0.0,0.0,0.0,0.0
F,0.0205248,0.0,0.0,0.0205248
F,-0.124089,0.0,0.0,-0.124089
F,0.0,0.0,0.0,0.0
F,0.0,0.0,0.0,0.0
F,0.0,0.0,0.0,0.0
F,0.120139,0.0,0.0,0.120139
F,0.0,0.0,0.0,0.0
F,0.0,0.0,0.0,0.0
F,0.0,0.0,0.0,0.0
F,0.0,0.0,0.0,0.0
F,0.0,0.0,0.0,0.0
F,0.0,0.0,0.0,0.0
F,0.00889138,0.0,0.0,0.00889138
F,0.0,0.0,0.0,0.0
F,0.0,0.0,0.0,0.0
F,0.0,0.0,0.0,0.0
F,0.0,0.0,0.0,0.0
F,0.0,0.0,0.0,0.0
F,0.0,0.0,0.0,0.0
F,0.0,0.0,0.0,0.0
F,0.0,0.0,0.0,0.0
F,0.0,0.0,0.0,0.0
F,0.0,0.0,0.0,0.0
F,0.0751814,0.0,0.0,0.0751814
F,0.0,0.0,0.0,0.0
F,0.046507,0.0,0.0,0.046507
F,0.0,0.0,0.0,0.0
F,0.0,0.0,0.0,0.0
F,0.0,0.0,0.0,0.0
F,0.0,0.0,0.0,0.0
F,-0.00719981,0.0,0.0,-0.00719981
F,-0.0724907,0.0,0.0,-0.0724907
F,0.0,0.0,0.0,0.0
F,0.0,0.0,0.0,0.0
F,0.0,0.0,0.0,0.0
F,-0.0273158,0.0,0.0,-0.0273158
F,0.0,0.0,0.0,0.0
F,0.0,0.0,0.0,0.0
F,0.0,0.0,0.0,0.0
F,0.0,0.0,0.0,0.0
F,0.0759289,0.0,0.0,0.0759289
F,0.0,0.0,0.0,0.0
F,0.0,0.0,0.0,0.0
F,0.0,0.0,0.0,0.0
F,0.0,0.0,0.0,0.0
F,0.0,0.0,0.0,0.0
F,0.0,0.0,0.0,0.0
F,0.0,0.0,0.0,0.0
F,0.0,0.0,0.0,0.0
F,-0.0403249,0.0,0.0,-0.0403249
F,0.0,0.0,0.0,0.0
F,0.0,0.0,0.0,0.0
F,-0.0577302,0.0,0.0,-0.0577302
F,-0.0606927,0.0,0.0,-0.0606927
F,0.0,0.0,0.0,0.0
F,0.0,0.0,0.0,0.0
F,-0.0210334,0.0,0.0,-0.0210334
F,-0.00362601,0.0,0.0,-0.00362601
F,0.0,0.0,0.0,0.0
F,0.0,0.0,0.0,0.0
F,0.0,0.0,0.0,0.0
F,0.0,0.0,0.0,0.0
F,0.0,0.0,0.0,0.0
F,0.0144687,0.0,0.0,0.0144687
F,0.0,0.0,0.0,0.0
F,0.0,0.0,0.0,0.0
F,0.0,0.0,0.0,0.0
F,0.0,0.0,0.0,0.0
F,0.0,0.0,0.0,0.0
F,0.0,0.0,0.0,0.0
F,0.054552,0.0,0.0,0.054552
F,0.0,0.0,0.0,0.0
F,0.0,0.0,0.0,0.0
F,0.0,0.0,0.0,0.0
F,0.0,0.0,0.0,0.0
F,0.0,0.0,0.0,0.0
F,0.0418969,0.0,0.0,0.0418969
F,0.0,0.0,0.0,0.0
F,0.0,0.0,0.0,0.0
F,0.0558283,0.0,0.0,0.0558283
F,0.0,0.0,0.0,0.0
F,0.0,0.0,0.0,0.0
F,0.0,0.0,0.0,0.0
F,0.0,0.0,0.0,0.0
F,0.0,0.0,0.0,0.0
F,0.0,0.0,0.0,0.0
F,0.0,0.0,0.0,0.0
F,0.0249259,0.0,0.0,0.0249259
F,-0.022823,0.0,0.0,-0.022823
F,0.0,0.0,0.0,0.0
F,0.0,0.0,0.0,0.0
F,0.0,0.0,0.0,0.0
F,0.0,0.0,0.0,0.0
F,0.0,0.0,0.0,0.0
F,0.0,0.0,0.0,0.0
F,0.0,0.0,0.0,0.0
F,0.0,0.0,0.0,0.0
F,0.0,0.0,0.0,0.0
F,0.0,0.0,0.0,0.0
F,0.0,0.0,0.0,0.0
F,0.0,0.0,0.0,0.0
F,0.0,0.0,0.0,0.0
F,0.0,0.0,0.0,0.0
F,0.0,0.0,0.0,0.0
F,0.0,0.0,0.0,0.0
F,0.0,0.0,0.0,0.0
F,0.0,0.0,0.0,0.0
F,-0.00296833,0.0,0.0,-0.00296833
F,0.0,0.0,0.0,0.0
F,0.0,0.0,0.0,0.0
F,0.0145736,0.0,0.0,0.0145736
F,0.0,0.0,0.0,0.0
F,0.0,0.0,0.0,0.0
F,0.0832225,0.0,0.0,0.0832225
F,0.0,0.0,0.0,0.0
F,0.0,0.0,0.0,0.0
F,0.0,0.0,0.0,0.0
F,0.0,0.0,0.0,0.0
F,0.0,0.0,0.0,0.0
F,0.0,0.0,0.0,0.0
F,0.0314773,0.0,0.0,0.0314773
F,0.0,0.0,0.0,0.0
F,0.0,0.0,0.0,0.0
F,0.0,0.0,0.0,0.0
F,0.00377312,0.0,0.0,0.00377312
F,-0.0412075,0.0,0.0,-0.0412075
F,0.0499474,0.0,0.0,0.0499474
F,-0.0724907,0.0,0.0,-0.0724907
F,0.0,0.0125579,0.0125579,0.0125579
F,0.0,0.0,0.0,0.0
F,0.0,0.0,0.0,0.0
F,0.0,0.0,0.0,0.0
F,0.0549028,0.0,0.0,0.0549028
F,0.0,0.0,0.0,0.0
F,0.0,0.0,0.0,0.0
F,0.0,0.0,0.0,0.0
F,-0.016584,0.0,0.0,-0.016584
F,0.0,0.0,0.0,0.0
F,0.0,0.0,0.0,0.0
F,0.0,0.0,0.0,0.0
F,0.0320463,0.0,0.0,0.0320463
F,0.0,0.0,0.0,0.0
F,0.0,0.0,0.0,0.0
F,0.0,0.0,0.0,0.0
F,0.0,0.0,0.0,0.0
F,0.0,0.0,0.0,0.0
F,0.031377,0.0,0.0,0.031377
F,-0.00201234,0.0,0.0,-0.00201234
F,0.0,0.0,0.0,0.0
F,0.0,0.0,0.0,0.0
F,0.0,0.0,0.0,0.0
F,0.0,-0.0466265,-0.0466265,-0.0466265
F,0.0,0.0,0.0,0.0
F,0.0,0.0,0.0,0.0
F,0.0738663,0.0,0.0,0.0738663
F,0.0,0.0,0.0,0.0
F,0.0,0.0,0.0,0.0
F,0.0,0.0,0.0,0.0
F,0.0,0.0,0.0,0.0
F,0.0,0.0,0.0,0.0
F,-0.0388932,0.0,0.0,-0.0388932
F,0.0,0.0,0.0,0.0
F,0.0,0.0,0.0,0.0
F,0.0,0.0,0.0,0.0
F,0.0,0.0,0.0,0.0
F,0.0,0.0,0.0,0.0
F,0.0,0.0,0.0,0.0
F,0.0,0.0,0.0,0.0
F,0.0,0.0,0.0,0.0
F,0.0,0.0,0.0,0.0
F,0.0,0.0,0.0,0.0
F,0.0,0.0,0.0,0.0
F,0.0,0.0,0.0,0.0
F,0.0,0.0,0.0,0.0
F,0.0,0.0,0.0,0.0
F,-0.0524411,0.0,0.0,-0.0524411
F,0.0,0.0,0.0,0.0
F,-0.124089,0.0,0.0,-0.124089
F,0.0,0.0,0.0,0.0
F,0.0,0.0,0.0,0.0
F,0.0,0.0,0.0,0.0
F,0.0,0.0,0.0,0.0
F,-0.00522652,0.0,0.0,-0.00522652
F,0.0,0.0,0.0,0.0
F,0.0,0.0,0.0,0.0
F,0.0,0.0,0.0,0.0
F,0.0,0.0,0.0,0.0
F,0.0150442,0.0,0.0,0.0150442
F,0.0,-0.0777469,-0.0777469,-0.0777469
F,0.0,0.0,0.0,0.0
F,-0.0457611,0.0,0.0,-0.0457611
F,0.0,-0.0170833,-0.0170833,-0.0170833
F,0.0,0.0,0.0,0.0
F,0.0,0.0,0.0,0.0
F,0.0,0.0,0.0,0.0
F,0.0,0.0,0.0,0.0
F,0.0,0.0,0.0,0.0
F,0.0,0.0,0.0,0.0
F,0.0,0.0,0.0,0.0
F,0.0,0.0,0.0,0.0
F,0.0,0.0,0.0,0.0
F,0.0,0.0,0.0,0.0
F,0.0,0.0,0.0,0.0
F,0.0,0.0,0.0,0.0
F,0.0,0.0,0.0,0.0
F,0.0,0.0,0.0,0.0
F,0.0,0.0,0.0,0.0
F,0.0,0.0,0.0,0.0
F,0.0,0.0,0.0,0.0
F,0.0,0.0,0.0,0.0
F,-0.0751082,0.0,0.0,-0.0751082
F,0.0,0.0,0.0,0.0
F,0.0,0.0,0.0,0.0
F,-0.0448999,0.0,0.0,-0.0448999
F,0.0434544,0.0,0.0,0.0434544
F,0.0,0.0,0.0,0.0
F,0.0,0.0,0.0,0.0
F,-0.0327969,0.0,0.0,-0.0327969
F,0.0,0.0,0.0,0.0
F,0.0,0.0,0.0,0.0
F,0.0,0.0,0.0,0.0
F,0.0,0.0,0.0,0.0
F,0.0,0.0,0.0,0.0
F,0.0,0.0,0.0,0.0
F,0.0,0.0,0.0,0.0
F,0.0,0.0,0.0,0.0
F,0.0,0.0,0.0,0.0
F,0.0933278,0.0,0.0,0.0933278
F,0.0,0.0,0.0,0.0
F,0.0,0.0,0.0,0.0
F,0.0,0.0,0.0,0.0
F,0.0,0.0,0.0,0.0
F,0.0525868,0.0,0.0,0.0525868
F,0.0961636,0.0,0.0,0.0961636
F,0.0,0.0,0.0,0.0
F,0.0,0.0,0.0,0.0
F,0.0,0.0,0.0,0.0
F,0.0,0.0,0.0,0.0
F,0.0,0.0,0.0,0.0
F,-0.0482088,0.0,0.0,-0.0482088
F,0.0,0.00436848,0.00436848,0.00436848
F,0.0,0.0,0.0,0.0
F,0.0,0.0,0.0,0.0
F,-0.0227189,0.0,0.0,-0.0227189
F,0.0,-0.0466265,-0.0466265,-0.0466265
F,0.0,0.0,0.0,0.0
F,0.0,0.0,0.0,0.0
F,0.0,0.0,0.0,0.0
F,0.0,0.0,0.0,0.0
F,0.0,0.0,0.0,0.0
F,0.0,0.0,0.0,0.0
F,0.0,0.0,0.0,0.0
F,0.0,0.0,0.0,0.0
F,0.0,0.0,0.0,0.0
F,0.0,0.0,0.0,0.0
F,0.0,0.0,0.0,0.0
F,0.0,0.0,0.0,0.0
F,0.055934,0.0,0.0,0.055934
F,0.0,0.0,0.0,0.0
F,0.0,0.0,0.0,0.0
F,-0.0463627,0.0,0.0,-0.0463627
F,0.0193222,0.0,0.0,0.0193222
F,0.0,0.0,0.0,0.0
F,0.0599249,0.0,0.0,0.0599249
F,0.0,0.0,0.0,0.0
F,0.0,0.0,0.0,0.0
F,0.0,0.0,0.0,0.0
F,0.0,0.0,0.0,0.0
F,0.0,0.0,0.0,0.0
F,0.0,0.0,0.0,0.0
F,0.0,0.0,0.0,0.0
F,0.0504296,0.0,0.0,0.0504296
F,0.0,0.0,0.0,0.0
F,-0.0322011,0.0,0.0,-0.0322011
F,0.0,0.0,0.0,0.0
F,0.0,0.0,0.0,0.0
F,0.0,0.0,0.0,0.0
F,0.0,0.0,0.0,0.0
F,0.0,0.0,0.0,0.0
F,0.0,0.0,0.0,0.0
F,0.0,-0.0466265,-0.0466265,-0.0466265
F,0.0,0.0,0.0,0.0
F,0.0,0.0,0.0,0.0
F,0.0,0.0,0.0,0.0
F,0.0,0.0,0.0,0.0
F,0.0,0.0,0.0,0.0
F,0.0,0.0,0.0,0.0
F,0.0,0.0,0.0,0.0
F,0.0,-0.0339818,-0.0339818,-0.0339818
F,0.0,0.0,0.0,0.0
F,0.0,0.0,0.0,0.0
F,0.0,0.0,0.0,0.0
F,0.0,0.0,0.0,0.0
F,0.0,0.0,0.0,0.0
F,0.0,0.0,0.0,0.0
F,0.0,0.0,0.0,0.0
F,0.0,0.0,0.0,0.0
F,0.0,0.0,0.0,0.0
F,0.0,0.0,0.0,0.0
F,-0.00492822,0.0,0.0,-0.00492822
F,0.0,0.0,0.0,0.0
F,0.0,0.0,0.0,0.0
F,0.0,0.0,0.0,0.0
F,0.000457723,0.0,0.0,0.000457723
F,0.0,0.0,0.0,0.0
F,0.0,0.0,0.0,0.0
F,0.0,0.0,0.0,0.0
F,0.0,0.0,0.0,0.0
F,0.0,0.0,0.0,0.0
F,0.0396974,0.0,0.0,0.0396974
F,0.0,0.0,0.0,0.0
F,0.0768231,0.0,0.0,0.0768231
F,0.0,0.0,0.0,0.0
F,-0.0379083,0.0,0.0,-0.0379083
F,0.0,0.0,0.0,0.0
F,-0.0204158,0.0,0.0,-0.0204158
F,0.0,0.0,0.0,0.0
F,0.0,0.0,0.0,0.0
F,0.0,0.0,0.0,0.0
F,0.0,0.0,0.0,0.0
F,0.0,0.0,0.0,0.0
F,0.0,0.0,0.0,0.0
F,0.0,0.0,0.0,0.0
F,0.0,0.0,0.0,0.0
F,-0.0147897,0.0,0.0,-0.0147897
F,0.0,0.0,0.0,0.0
F,-0.0202252,0.0,0.0,-0.0202252
F,-0.119922,0.00058553,0.00058553,-0.119336
F,-0.0233651,0.0,0.0,-0.0233651
F,0.0,0.0,0.0,0.0
F,0.0525868,0.0,0.0,0.0525868
F,0.0,0.0,0.0,0.0
F,0.0,0.0,0.0,0.0
F,0.0,0.0,0.0,0.0
F,0.00045318,0.0,0.0,0.00045318
F,0.0,0.0,0.0,0.0
F,0.0,0.0,0.0,0.0
F,0.0,0.0,0.0,0.0
F,0.0,0.0,0.0,0.0
F,0.0,0.0,0.0,0.0
F,0.0,0.0,0.0,0.0
F,0.0,0.0,0.0,0.0
F,0.0,0.0,0.0,0.0
F,0.0,0.0,0.0,0.0
F,0.0,0.0,0.0,0.0
F,0.0,0.0,0.0,0.0
F,0.0,0.0,0.0,0.0
F,0.0,0.0,0.0,0.0
F,0.0749317,0.0,0.0,0.0749317
F,0.0,0.0,0.0,0.0
F,0.0,0.0,0.0,0.0
F,0.0,0.0,0.0,0.0
F,0.0,0.0,0.0,0.0
F,0.0,0.0,0.0,0.0
F,0.0,0.0,0.0,0.0
F,0.0,0.0,0.0,0.0
F,0.0,0.0,0.0,0.0
F,0.0,0.0,0.0,0.0
F,0.0,0.0,0.0,0.0
F,0.0,0.0,0.0,0.0
F,0.0,0.0,0.0,0.0
F,0.0,0.0,0.0,0.0
F,0.0,0.0,0.0,0.0
F,0.0,0.0,0.0,0.0
F,0.0,0.0,0.0,0.0
F,0.0,0.0,0.0,0.0
F,0.0,0.0,0.0,0.0
F,0.0,0.0,0.0,0.0
F,-0.0282268,0.0,0.0,-0.0282268
F,0.0,0.0,0.0,0.0
F,0.0,0.0,0.0,0.0
F,0.0,0.0,0.0,0.0
F,0.0,0.0,0.0,0.0
F,0.00993974,0.0,0.0,0.00993974
F,0.0,0.0,0.0,0.0
F,0.0,0.0,0.0,0.0
F,0.0,0.0,0.0,0.0
F,-0.0229669,0.0,0.0,-0.0229669
F,0.0,0.0,0.0,0.0
F,0.0,0.0,0.0,0.0
F,0.0,0.0,0.0,0.0
F,0.0,0.0,0.0,0.0
F,0.0,0.0,0.0,0.0
F,0.0,0.0,0.0,0.0
F,0.0,0.0,0.0,0.0
F,0.0,0.0,0.0,0.0
F,0.0,0.0,0.0,0.0
F,0.0,0.0,0.0,0.0
F,0.0,0.0,0.0,0.0
F,0.0,0.0,0.0,0.0
F,0.0,0.0,0.0,0.0
F,-0.0198039,0.0,0.0,-0.0198039
F,0.00736265,0.0,0.0,0.00736265
F,-0.0277175,0.0,0.0,-0.0277175
F,0.0,0.0,0.0,0.0
F,0.0,0.0,0.0,0.0
F,0.0,0.0,0.0,0.0
F,0.0,0.0,0.0,0.0
F,0.0,0.0,0.0,0.0
F,0.0,0.0,0.0,0.0
F,0.0,0.0,0.0,0.0
F,0.0,0.0,0.0,0.0
F,0.0,0.0,0.0,0.0
F,-0.0032407,0.0,0.0,-0.0032407
F,0.0,0.0,0.0,0.0
F,0.0,0.0,0.0,0.0
F,0.0,0.0,0.0,0.0
F,0.0,0.0,0.0,0.0
F,-0.0325588,0.0,0.0,-0.0325588
F,0.0,0.0,0.0,0.0
F,0.0,0.0,0.0,0.0
F,0.0,0.0,0.0,0.0
F,0.0,0.0,0.0,0.0
F,0.0,0.0,0.0,0.0
F,0.0,0.0,0.0,0.0
F,-0.0205858,0.0,0.0,-0.0205858
F,0.0,0.0,0.0,0.0
F,0.0,0.0,0.0,0.0
F,0.0,0.0,0.0,0.0
F,0.0,0.0,0.0,0.0
F,0.0,0.0,0.0,0.0
F,0.0,0.0,0.0,0.0
F,0.0,0.0,0.0,0.0
F,0.0,0.0,0.0,0.0
F,0.0,0.0,0.0,0.0
F,0.0,0.0,0.0,0.0
F,0.0348322,0.0,0.0,0.0348322
F,-0.0305312,0.0,0.0,-0.0305312
F,0.0,0.0,0.0,0.0
F,-0.0329746,0.0,0.0,-0.0329746
F,0.0,0.0,0.0,0.0
F,0.0,0.0,0.0,0.0
F,-0.0117107,0.0,0.0,-0.0117107
F,0.0,0.0,0.0,0.0
F,-0.108155,0.0,0.0,-0.108155
F,0.0,0.0,0.0,0.0
F,-0.0332092,0.0,0.0,-0.0332092
F,0.0,0.0,0.0,0.0
F,0.0,0.0,0.0,0.0
F,0.0,0.0,0.0,0.0
F,0.0,0.0,0.0,0.0
F,0.0,0.0,0.0,0.0
F,0.0,0.0,0.0,0.0
F,0.0,0.0,0.0,0.0
F,0.0,0.0,0.0,0.0
F,0.0,0.0,0.0,0.0
F,0.0,0.0,0.0,0.0
F,0.0,0.0,0.0,0.0
F,0.0,0.0,0.0,0.0
F,0.0,0.0,0.0,0.0
F,0.0,0.0,0.0,0.0
F,0.0,0.0,0.0,0.0
F,0.0,0.0,0.0,0.0
F,-0.0751082,0.0,0.0,-0.0751082
F,0.0,0.0,0.0,0.0
F,0.0,0.0,0.0,0.0
F,-0.0405142,0.0,0.0,-0.0405142
F,0.0,0.0,0.0,0.0
F,0.0,0.0,0.0,0.0
F,0.0,0.0,0.0,0.0
F,0.0,0.0,0.0,0.0
F,0.0,0.0,0.0,0.0
F,0.0,0.0,0.0,0.0
F,0.0,0.0,0.0,0.0
F,0.0,0.0,0.0,0.0
F,-0.0160586,0.0,0.0,-0.0160586
F,0.0,0.0,0.0,0.0
F,0.0,0.0,0.0,0.0
F,-0.0117107,0.0,0.0,-0.0117107
F,0.0,0.0,0.0,0.0
F,0.0,0.0,0.0,0.0
F,0.0,0.0,0.0,0.0
F,-0.0403249,0.0,0.0,-0.0403249
F,0.0,0.0,0.0,0.0
F,-0.0530219,0.0,0.0,-0.0530219
F,-0.0412075,0.0,0.0,-0.0412075
F,0.0,0.0,0.0,0.0
F,0.0,0.0,0.0,0.0
F,0.0207873,0.0,0.0,0.0207873
F,0.0,0.0,0.0,0.0
F,0.0,0.0,0.0,0.0
F,-0.0338936,0.0,0.0,-0.0338936
F,0.0,0.0,0.0,0.0
F,0.0,0.0,0.0,0.0
F,0.0,0.0,0.0,0.0
F,0.0,0.0,0.0,0.0
F,0.0,0.0,0.0,0.0
F,0.0,0.0,0.0,0.0
F,0.0,0.0,0.0,0.0
F,0.0398802,0.0,0.0,0.0398802
F,-0.037716,0.0,0.0,-0.037716
F,0.0,0.0,0.0,0.0
F,0.0,0.0,0.0,0.0
F,0.0942007,0.0,0.0,0.0942007
F,0.0,0.0,0.0,0.0
F,0.0,0.0,0.0,0.0
F,0.0,0.0,0.0,0.0
F,0.0,0.0,0.0,0.0
F,0.0,0.0,0.0,0.0
F,-0.0802101,0.0,0.0,-0.0802101
F,0.0,-0.0466265,-0.0466265,-0.0466265
F,0.0,0.0,0.0,0.0
F,0.0372283,0.0,0.0,0.0372283
F,0.0,0.0,0.0,0.0
F,0.0,0.0,0.0,0.0
F,0.0,0.0,0.0,0.0
F,-0.0648688,0.0,0.0,-0.0648688
F,0.0,0.0,0.0,0.0
F,0.0260628,0.0,0.0,0.0260628
F,0.0,0.0,0.0,0.0
F,0.0,0.0,0.0,0.0
F,-0.0475887,0.0,0.0,-0.0475887
F,0.0,0.0,0.0,0.0
F,0.0,0.0,0.0,0.0
F,0.0,0.0,0.0,0.0
F,0.0,0.0,0.0,0.0
F,0.0,0.0,0.0,0.0
F,0.0,0.0,0.0,0.0
F,0.0,0.0,0.0,0.0
F,-0.0036375,0.0,0.0,-0.0036375
F,-0.0710502,0.0,0.0,-0.0710502
F,0.0,0.0,0.0,0.0
F,-0.0394891,0.0,0.0,-0.0394891
F,0.0,0.0,0.0,0.0
F,0.0535074,0.0,0.0,0.0535074
F,0.0,0.0,0.0,0.0
F,0.0,0.0,0.0,0.0
F,0.0,0.0,0.0,0.0
F,0.0,0.0,0.0,0.0
F,0.0,0.0,0.0,0.0
F,0.0,0.0,0.0,0.0
F,0.0,0.0,0.0,0.0
F,0.0,0.0,0.0,0.0
F,0.0,0.0,0.0,0.0
F,0.0,0.0,0.0,0.0
F,0.0,0.0,0.0,0.0
F,0.0,0.0,0.0,0.0
F,0.0,0.0,0.0,0.0
F,0.048685,0.0,0.0,0.048685
F,0.0,0.0,0.0,0.0
F,0.0,0.0,0.0,0.0
F,0.0222904,0.0,0.0,0.0222904
F,0.054552,0.0,0.0,0.054552
F,0.0,0.0,0.0,0.0
F,0.0288996,0.0,0.0,0.0288996
F,0.0,0.0,0.0,0.0
F,0.0,0.0,0.0,0.0
F,0.0,0.0,0.0,0.0
F,0.0,0.0,0.0,0.0
F,0.0,0.0,0.0,0.0
F,0.0,0.0,0.0,0.0
F,0.0,0.0,0.0,0.0
F,0.0,0.0,0.0,0.0
F,0.0,0.0,0.0,0.0
F,0.0,0.0,0.0,0.0
F,0.0,0.0,0.0,0.0
F,0.0,0.0,0.0,0.0
F,-0.0204417,0.0,0.0,-0.0204417
F,0.0,0.0,0.0,0.0
F,0.0,0.0,0.0,0.0
F,0.0,0.0,0.0,0.0
F,0.0,0.0,0.0,0.0
F,0.0,0.0,0.0,0.0
F,0.0,0.0,0.0,0.0
F,0.0,0.0,0.0,0.0
F,0.0,0.0,0.0,0.0
F,0.0,0.0,0.0,0.0
F,0.0,0.0,0.0,0.0
F,0.0,0.0,0.0,0.0
F,0.0,0.0,0.0,0.0
F,0.017785,0.0,0.0,0.017785
F,-0.0272615,0.0,0.0,-0.0272615
F,0.0,0.0,0.0,0.0
F,0.0835329,0.0,0.0,0.0835329
F,0.0,0.0,0.0,0.0
F,0.0,0.0,0.0,0.0
F,0.0,0.0,0.0,0.0
F,0.0,0.0,0.0,0.0
F,0.0315937,0.0,0.0,0.0315937
F,0.0,0.0,0.0,0.0
F,0.0,0.0,0.0,0.0
F,0.0,0.0,0.0,0.0
F,0.0,0.0,0.0,0.0
F,-0.124089,0.0,0.0,-0.124089
F,0.0,0.0,0.0,0.0
F,0.0,0.0,0.0,0.0
F,0.0207684,0.0,0.0,0.0207684
F,-0.0457611,0.0,0.0,-0.0457611
F,-0.0921635,0.0,0.0,-0.0921635
F,0.0,0.0,0.0,0.0
F,0.0,0.0,0.0,0.0
F,0.0,0.0,0.0,0.0
F,0.0,0.0,0.0,0.0
F,0.0,0.0,0.0,0.0
F,0.0,0.0,0.0,0.0
F,0.0,0.0,0.0,0.0
F,-0.0110878,0.0,0.0,-0.0110878
F,0.0,0.0,0.0,0.0
F,0.120139,0.0,0.0,0.120139
F,0.0,0.0,0.0,0.0
F,-0.00972128,0.0,0.0,-0.00972128
F,0.0,0.0330172,0.0330172,0.0330172
F,0.0,0.0,0.0,0.0
F,0.0176105,0.0,0.0,0.0176105
F,0.0,0.0,0.0,0.0
F,0.0,0.0,0.0,0.0
F,-0.0405142,0.0,0.0,-0.0405142
F,0.0283089,0.0,0.0,0.0283089
F,0.0,0.0,0.0,0.0
F,0.0540712,0.0,0.0,0.0540712
F,0.0,0.0,0.0,0.0
F,0.0,0.0,0.0,0.0
F,0.0,0.0,0.0,0.0
F,0.0,0.0,0.0,0.0
F,0.0,0.0,0.0,0.0
F,0.0,0.0,0.0,0.0
F,0.0504296,0.0,0.0,0.0504296
F,0.0,0.0,0.0,0.0
F,0.0,0.0,0.0,0.0
F,0.0,0.0,0.0,0.0
F,0.0,0.0,0.0,0.0
F,0.0,0.0,0.0,0.0
F,0.0599249,0.0,0.0,0.0599249
F,0.0343894,0.0,0.0,0.0343894
F,0.0,0.0,0.0,0.0
F,0.0,0.0,0.0,0.0
F,0.0,0.0,0.0,0.0
F,0.0,0.0,0.0,0.0
F,0.0,0.0,0.0,0.0
F,0.0,0.0,0.0,0.0
F,0.0,0.0,0.0,0.0
F,0.0,0.0,0.0,0.0
F,0.0,0.0,0.0,0.0
F,0.0193222,0.0,0.0,0.0193222
F,0.0,0.0,0.0,0.0
F,0.0,0.0,0.0,0.0
F,0.0,0.0,0.0,0.0
F,0.0,0.0,0.0,0.0
F,0.0,0.0,0.0,0.0
F,0.0,0.0,0.0,0.0
F,0.0,0.0,0.0,0.0
F,-0.0227189,0.0,0.0,-0.0227189
F,0.048734,0.0,0.0,0.048734
F,0.0,0.0,0.0,0.0
F,0.0,0.0,0.0,0.0
F,0.0,0.0,0.0,0.0
F,0.0,0.0,0.0,0.0
F,0.0,0.0,0.0,0.0
F,0.0,0.0,0.0,0.0
F,0.0,0.0,0.0,0.0
F,0.0,0.0,0.0,0.0
F,0.0,0.0,0.0,0.0
F,0.0,0.0,0.0,0.0
F,0.0,0.0,0.0,0.0
F,0.0,0.0,0.0,0.0
F,-0.0438943,0.0,0.0,-0.0438943
F,0.0,0.0,0.0,0.0
F,0.105205,0.0,0.0,0.105205
F,0.0,0.0,0.0,0.0
F,0.0,0.0,0.0,0.0
F,-0.0116857,0.0,0.0,-0.0116857
F,0.0,0.0,0.0,0.0
F,0.0,0.0,0.0,0.0
F,0.0,0.0,0.0,0.0
F,0.0,0.0,0.0,0.0
F,0.0,0.0,0.0,0.0
F,0.0,0.0,0.0,0.0
F,0.0,0.0,0.0,0.0
F,0.0,0.0,0.0,0.0
F,0.0,0.0,0.0,0.0
F,0.0,0.0,0.0,0.0
F,0.0,0.0,0.0,0.0
F,0.0,0.0,0.0,0.0
F,0.0,0.0,0.0,0.0
F,-0.0215881,0.0,0.0,-0.0215881
F,0.0,0.0,0.0,0.0
F,0.0,0.0,0.0,0.0
F,0.0,0.0,0.0,0.0
F,0.0,0.0,0.0,0.0
F,0.0,0.0,0.0,0.0
F,-0.034258,0.0,0.0,-0.034258
F,0.0,0.0,0.0,0.0
F,0.0,0.0,0.0,0.0
F,0.0,0.0,0.0,0.0
F,0.0,0.0,0.0,0.0
F,0.0,0.0,0.0,0.0
F,0.0,0.0,0.0,0.0
F,0.0,0.0,0.0,0.0
F,0.0,0.0,0.0,0.0
F,0.0,0.0,0.0,0.0
F,0.0,0.0,0.0,0.0
F,0.0,0.0,0.0,0.0
F,0.0,0.0,0.0,0.0
F,0.00375408,0.0,0.0,0.00375408
F,0.0,0.0,0.0,0.0
F,0.0,0.0,0.0,0.0
F,0.0,0.0,0.0,0.0
F,0.0,0.0,0.0,0.0
F,0.0,0.0,0.0,0.0
F,-0.00551491,0.0,0.0,-0.00551491
F,0.0,0.0,0.0,0.0
F,0.0,0.0,0.0,0.0
F,0.0,0.0,0.0,0.0
F,0.0,0.0,0.0,0.0
F,-0.0643137,0.0,0.0,-0.0643137
F,0.0,0.0,0.0,0.0
F,0.0,0.0,0.0,0.0
F,0.0,0.0,0.0,0.0
F,0.0,0.0,0.0,0.0
F,-0.0534747,0.0,0.0,-0.0534747
F,0.0,0.0,0.0,0.0
F,0.0,0.0,0.0,0.0
F,0.0,0.0,0.0,0.0
F,0.0,0.0,0.0,0.0
F,0.0,0.0,0.0,0.0
F,0.0,0.0,0.0,0.0
F,0.0,0.0,0.0,0.0
F,0.0,0.0,0.0,0.0
F,0.0,0.0,0.0,0.0
F,0.0,0.0,0.0,0.0
F,-0.0906845,0.0,0.0,-0.0906845
F,0.0450349,0.0,0.0,0.0450349
F,0.0,0.0,0.0,0.0
F,0.0,0.0,0.0,0.0
F,0.0,0.0,0.0,0.0
F,0.0,0.0,0.0,0.0
F,0.0,0.0,0.0,0.0
F,0.0,0.0,0.0,0.0
F,0.0,0.0,0.0,0.0
F,0.0,0.0,0.0,0.0
F,0.0,0.0,0.0,0.0
F,0.0,0.0,0.0,0.0
F,0.0,0.0,0.0,0.0
F,0.0,0.0,0.0,0.0
F,0.0,0.0,0.0,0.0
F,0.0,0.0,0.0,0.0
F,0.0,0.0,0.0,0.0
F,-0.0120958,0.0,0.0,-0.0120958
F,0.0,0.0,0.0,0.0
F,-0.000689963,0.0,0.0,-0.000689963
F,0.0,0.0,0.0,0.0
F,0.0,0.0,0.0,0.0
F,0.0,0.0,0.0,0.0
F,0.0,0.0,0.0,0.0
F,0.0,0.0,0.0,0.0
F,0.0,0.0,0.0,0.0
F,0.0,0.0,0.0,0.0
F,0.00862718,0.0,0.0,0.00862718
F,0.0,0.0,0.0,0.0
F,-0.0205858,0.0,0.0,-0.0205858
F,0.0,0.0,0.0,0.0
F,0.0,0.0,0.0,0.0
F,0.0,0.0,0.0,0.0
F,-0.02624,0.0,0.0,-0.02624
F,-0.0160586,0.0,0.0,-0.0160586
F,0.0,0.0,0.0,0.0
F,0.0,0.0,0.0,0.0
F,0.0,0.0,0.0,0.0
F,0.0,0.0,0.0,0.0
F,-0.0160839,0.0,0.0,-0.0160839
F,0.0,0.0,0.0,0.0
F,0.0,0.0,0.0,0.0
F,0.0,0.0,0.0,0.0
F,0.0,0.0,0.0,0.0
F,-0.00657611,0.0,0.0,-0.00657611
F,-0.0110878,0.0,0.0,-0.0110878
F,0.0,0.0,0.0,0.0
F,-0.0215881,0.0,0.0,-0.0215881
F,0.0,0.0,0.0,0.0
F,0.0,0.0,0.0,0.0
F,0.0,0.0,0.0,0.0
F,-0.015754,0.0,0.0,-0.015754
F,0.0,0.0,0.0,0.0
F,0.0,0.0,0.0,0.0
F,0.0,0.0,0.0,0.0
F,0.0,0.0,0.0,0.0
F,0.0,0.0,0.0,0.0
F,0.0,0.0,0.0,0.0
F,0.0,0.0,0.0,0.0
F,0.0,0.0,0.0,0.0
F,-0.0460222,0.0,0.0,-0.0460222
F,0.0,0.0,0.0,0.0
F,0.0,0.0,0.0,0.0
F,0.0,0.0,0.0,0.0
F,0.0,0.0,0.0,0.0
F,0.0,0.0,0.0,0.0
F,0.0,0.0,0.0,0.0
F,-0.0210334,0.0,0.0,-0.0210334
F,0.00153758,0.0,0.0,0.00153758
F,-0.0463442,0.0,0.0,-0.0463442
F,0.0,0.0,0.0,0.0
F,0.0,0.0,0.0,0.0
F,0.0,0.0,0.0,0.0
F,0.0249121,0.0,0.0,0.0249121
F,0.0,0.0,0.0,0.0
F,0.0,0.0,0.0,0.0
F,0.0,0.0804717,0.0804717,0.0804717
F,0.0,0.0,0.0,0.0
F,0.0,0.0,0.0,0.0
F,-0.00864037,0.0,0.0,-0.00864037
F,-0.0253704,0.0,0.0,-0.0253704
F,0.0,0.0,0.0,0.0
F,0.0,0.0,0.0,0.0
F,0.0,0.0,0.0,0.0
F,0.0130383,0.0,0.0,0.0130383
F,0.0,0.0,0.0,0.0
F,0.0,0.0,0.0,0.0
F,-0.0704578,0.0,0.0,-0.0704578
F,0.0,0.0,0.0,0.0
F,0.0768231,0.0,0.0,0.0768231
F,0.0,0.0,0.0,0.0
F,0.0207873,0.0,0.0,0.0207873
F,0.0,0.0,0.0,0.0
F,0.0,0.0,0.0,0.0
F,0.0734797,0.0,0.0,0.0734797
F,-0.0360595,0.0,0.0,-0.0360595
F,0.0,0.0,0.0,0.0
F,0.0,0.0,0.0,0.0
F,0.0,0.0,0.0,0.0
F,0.0,0.0,0.0,0.0
F,0.0,0.0,0.0,0.0
F,0.0,0.0,0.0,0.0
F,0.0,0.0,0.0,0.0
F,0.0,0.0,0.0,0.0
F,0.0,0.0,0.0,0.0
F,0.0,0.0,0.0,0.0
F,0.0,0.0,0.0,0.0
F,0.0,0.0,0.0,0.0
F,0.0,0.0536788,0.0536788,0.0536788
F,0.0,0.0,0.0,0.0
F,0.063628,0.0,0.0,0.063628
F,0.0,0.0,0.0,0.0
F,0.0,0.0,0.0,0.0
F,0.0,0.0,0.0,0.0
F,0.0193945,0.0,0.0,0.0193945
F,-0.0338936,0.0,0.0,-0.0338936
F,0.0,0.0,0.0,0.0
F,0.0,0.0,0.0,0.0
F,0.0,0.0,0.0,0.0
F,-0.0694227,0.0,0.0,-0.0694227
F,0.0,0.0,0.0,0.0
F,0.0,0.0,0.0,0.0
F,0.0,0.0,0.0,0.0
F,0.0,0.0,0.0,0.0
F,0.0,0.0,0.0,0.0
F,0.0,0.0,0.0,0.0
F,0.0,0.0,0.0,0.0
F,0.0,0.0,0.0,0.0
F,0.0226334,0.0,0.0,0.0226334
F,-0.0397611,0.0,0.0,-0.0397611
F,0.0,0.0,0.0,0.0
F,0.0,0.0,0.0,0.0
F,0.0,0.0,0.0,0.0
F,0.0,0.0,0.0,0.0
F,0.0,0.0,0.0,0.0
F,0.0,0.0,0.0,0.0
F,0.0,0.0,0.0,0.0
F,0.0,0.0,0.0,0.0
F,0.0,0.0,0.0,0.0
F,-0.0127232,0.0,0.0,-0.0127232
F,0.0,0.0,0.0,0.0
F,0.0,0.0,0.0,0.0
F,0.0,0.0,0.0,0.0
F,0.0,0.0,0.0,0.0
F,-0.0220585,0.0,0.0,-0.0220585
F,0.0,0.0,0.0,0.0
F,0.0,0.0,0.0,0.0
F,0.0,0.0,0.0,0.0
F,0.0,0.0,0.0,0.0
F,0.0222904,0.0,0.0,0.0222904
F,0.0,0.0,0.0,0.0
F,0.0,0.0,0.0,0.0
F,0.0,0.0,0.0,0.0
F,0.0,0.0,0.0,0.0
F,0.0,0.0,0.0,0.0
F,0.0,0.0,0.0,0.0
F,0.0,0.0,0.0,0.0
F,-0.0394891,0.0,0.0,-0.0394891
F,-0.0457611,0.0,0.0,-0.0457611
F,0.0,0.0,0.0,0.0
F,0.0,0.0,0.0,0.0
F,0.0,0.0,0.0,0.0
F,0.0,0.0,0.0,0.0
F,0.0,0.0,0.0,0.0
F,0.0,0.0,0.0,0.0
F,0.0,0.0,0.0,0.0
F,0.0,0.0,0.0,0.0
F,0.0241226,0.0,0.0,0.0241226
F,-0.055917,0.0,0.0,-0.055917
F,0.0,0.0,0.0,0.0
F,-0.0285078,0.0,0.0,-0.0285078
F,0.0,0.0,0.0,0.0
F,0.0,0.0,0.0,0.0
F,0.0,0.0,0.0,0.0
F,0.0,0.0,0.0,0.0
F,0.03922,0.0,0.0,0.03922
F,0.0,0.0,0.0,0.0
F,0.0,0.0,0.0,0.0
F,0.0,0.0330172,0.0330172,0.0330172
F,0.0,0.0,0.0,0.0
F,0.0,0.0,0.0,0.0
F,0.0,0.0,0.0,0.0
F,0.0,0.0,0.0,0.0
F,0.0,0.0,0.0,0.0
F,0.0,0.0,0.0,0.0
F,-0.0582298,0.0,0.0,-0.0582298
F,0.0,0.0,0.0,0.0
F,0.0,0.0,0.0,0.0
F,-0.0405142,0.0,0.0,-0.0405142
F,0.0,0.0,0.0,0.0
F,0.0,0.0,0.0,0.0
F,0.0,0.0,0.0,0.0
F,0.0,0.0,0.0,0.0
F,0.0,0.0,0.0,0.0
F,0.0,0.0,0.0,0.0
F,0.0,0.0,0.0,0.0
F,0.0,0.0,0.0,0.0
F,0.0,0.0,0.0,0.0
F,0.0,0.0,0.0,0.0
F,0.0,0.0,0.0,0.0
F,0.0,0.0,0.0,0.0
F,-0.0751082,0.0,0.0,-0.0751082
F,0.0,0.0,0.0,0.0
F,0.0,0.0,0.0,0.0
F,0.0,0.0,0.0,0.0
F,0.0,0.0,0.0,0.0
F,0.0,0.0,0.0,0.0
F,0.0,0.0,0.0,0.0
F,0.0,0.0,0.0,0.0
F,0.0,0.0,0.0,0.0
F,0.0,0.0,0.0,0.0
F,0.0,0.0,0.0,0.0
F,0.0,0.0,0.0,0.0
F,-0.0314197,0.0,0.0,-0.0314197
F,0.0,-0.0203685,-0.0203685,-0.0203685
F,0.0,0.0,0.0,0.0
F,0.0,0.0,0.0,0.0
F,0.0,0.0,0.0,0.0
F,0.0543991,0.0,0.0,0.0543991
F,0.0,0.0,0.0,0.0
F,0.0,0.0,0.0,0.0
F,0.0,0.0,0.0,0.0
F,0.0,0.0,0.0,0.0
F,0.0,0.0,0.0,0.0
F,0.0,0.0,0.0,0.0
F,0.0,0.0,0.0,0.0
F,0.0,0.0,0.0,0.0
F,0.0,0.0,0.0,0.0
F,0.0482929,0.0,0.0,0.0482929
F,0.0,0.0,0.0,0.0
F,0.0,0.0,0.0,0.0
F,0.0,0.0,0.0,0.0
F,0.0,0.0,0.0,0.0
F,0.0,0.0,0.0,0.0
F,0.0,0.0,0.0,0.0
F,0.0,0.0,0.0,0.0
F,0.0,0.0,0.0,0.0
F,0.0,0.0,0.0,0.0
F,0.0,0.0,0.0,0.0
F,0.0,0.0,0.0,0.0
F,0.0,0.0,0.0,0.0
F,0.0,0.0,0.0,0.0
F,0.0,0.0,0.0,0.0
F,-0.00522652,0.0,0.0,-0.00522652
F,0.0,0.0,0.0,0.0
F,0.0,0.0,0.0,0.0
F,-0.0142932,0.0,0.0,-0.0142932
F,0.0,0.0,0.0,0.0
F,0.0,0.0,0.0,0.0
F,0.0,0.0,0.0,0.0
F,0.0,0.0,0.0,0.0
F,0.0,0.0,0.0,0.0
F,-0.00654103,0.0,0.0,-0.00654103
F,0.0293878,0.0,0.0,0.0293878
F,-0.0103934,0.0,0.0,-0.0103934
F,0.0,0.0478741,0.0478741,0.0478741
F,-0.0935975,0.0,0.0,-0.0935975
F,0.0,0.0,0.0,0.0
F,0.0,0.0,0.0,0.0
F,0.0,0.0,0.0,0.0
F,0.0,0.0,0.0,0.0
F,0.0,0.0,0.0,0.0
F,0.0,0.0,0.0,0.0
F,0.0207873,0.0,0.0,0.0207873
F,0.0,0.0,0.0,0.0
F,0.0,0.0,0.0,0.0
F,-5.51709e-05,0.0,0.0,-5.51709e-05
F,0.0,0.0,0.0,0.0
F,-0.0745936,0.0,0.0,-0.0745936
F,0.0,0.0,0.0,0.0
F,0.0,0.0,0.0,0.0
F,0.0,0.0,0.0,0.0
F,0.0,0.0,0.0,0.0
F,0.0,0.0,0.0,0.0
F,-0.0119539,0.0,0.0,-0.0119539
F,0.0,0.0,0.0,0.0
F,0.0,0.0,0.0,0.0
F,0.0,0.0,0.0,0.0
F,0.0,0.0,0.0,0.0
F,0.0,0.0,0.0,0.0
F,0.0,0.0,0.0,0.0
F,0.0,0.0,0.0,0.0
F,0.0,0.0,0.0,0.0
F,0.0,0.0,0.0,0.0
F,0.0,0.0,0.0,0.0
F,0.0,0.0,0.0,0.0
F,-0.035031,0.0,0.0,-0.035031
F,0.0,0.0,0.0,0.0
F,0.0,0.0,0.0,0.0
F,0.0,0.0,0.0,0.0
F,-0.0379083,0.0,0.0,-0.0379083
F,0.0,0.0,0.0,0.0
F,0.0,0.0,0.0,0.0
F,0.0,0.0,0.0,0.0
F,0.0,0.0,0.0,0.0
F,-0.0581197,0.0,0.0,-0.0581197
F,0.0,0.0,0.0,0.0
F,0.0,0.0,0.0,0.0
F,0.0,0.0,0.0,0.0
F,0.0,0.0,0.0,0.0
F,0.0,0.0,0.0,0.0
F,0.0,0.0,0.0,0.0
F,0.0,0.0,0.0,0.0
F,0.0,0.0,0.0,0.0
F,0.0,0.0,0.0,0.0
F,0.0,0.0,0.0,0.0
F,-0.064631,0.0,0.0,-0.064631
F,0.0,0.0,0.0,0.0
F,0.0,0.0,0.0,0.0
F,0.0,0.0,0.0,0.0
F,0.0,0.0,0.0,0.0
F,0.0,0.0,0.0,0.0
F,0.0,0.0,0.0,0.0
F,0.0,0.0,0.0,0.0
F,0.0,0.0,0.0,0.0
F,0.0,0.0,0.0,0.0
F,0.0,0.0,0.0,0.0
F,0.0,0.0,0.0,0.0
F,0.0,0.0,0.0,0.0
F,0.0,0.0,0.0,0.0
F,0.0,0.0,0.0,0.0
F,0.0,0.0,0.0,0.0
F,0.0,0.0,0.0,0.0
F,0.0,0.0,0.0,0.0
F,0.0,0.0,0.0,0.0
F,0.0,0.0,0.0,0.0
F,0.0,0.0,0.0,0.0
F,-0.00362601,0.0,0.0,-0.00362601
F,-0.0229669,0.0,0.0,-0.0229669
F,0.0,0.0,0.0,0.0
F,0.0,0.0,0.0,0.0
F,0.0,0.0,0.0,0.0
F,0.0,0.0,0.0,0.0
F,0.0,0.0,0.0,0.0
F,0.0,0.0,0.0,0.0
F,0.0612711,0.0,0.0,0.0612711
F,0.0,0.0,0.0,0.0
F,0.0,0.0,0.0,0.0
F,0.0,0.0,0.0,0.0
F,0.0,0.0,0.0,0.0
F,-0.0160586,0.0,0.0,-0.0160586
F,0.0,0.0,0.0,0.0
F,0.0,0.0,0.0,0.0
F,0.0,0.0,0.0,0.0
F,0.0,0.0,0.0,0.0
F,0.048761,0.0,0.0,0.048761
F,-0.0527426,0.0,0.0,-0.0527426
F,-0.0441954,0.0,0.0,-0.0441954
F,0.0,0.0,0.0,0.0
F,0.0,0.0,0.0,0.0
F,0.0,0.0,0.0,0.0
F,0.0,0.0,0.0,0.0
F,0.0,0.0,0.0,0.0
F,0.125662,0.0,0.0,0.125662
F,0.0,0.0,0.0,0.0
F,0.0,0.0,0.0,0.0
F,0.0,0.0,0.0,0.0
F,0.0,0.0,0.0,0.0
F,0.0,0.0,0.0,0.0
F,-0.0412075,0.0,0.0,-0.0412075
F,0.0,0.0,0.0,0.0
F,0.0,0.0,0.0,0.0
F,0.0351225,0.0,0.0,0.0351225
F,0.0,0.0,0.0,0.0
F,0.0,0.0,0.0,0.0
F,-0.0212772,0.0,0.0,-0.0212772
F,0.0,0.0,0.0,0.0
F,-0.00661362,0.0,0.0,-0.00661362
F,-0.0320207,0.0,0.0,-0.0320207
F,0.0,0.0,0.0,0.0
F,0.0,0.0,0.0,0.0
F,0.0,0.0,0.0,0.0
F,0.0,0.0,0.0,0.0
F,0.0,0.0,0.0,0.0
F,0.00993974,0.0,0.0,0.00993974
F,0.0,0.0,0.0,0.0
F,-0.00657611,0.0,0.0,-0.00657611
F,0.0,0.0,0.0,0.0
F,0.0,0.0,0.0,0.0
F,0.0,0.0,0.0,0.0
F,0.0,0.0,0.0,0.0
F,0.0,0.0,0.0,0.0
F,0.0,0.0,0.0,0.0
F,0.0,0.0,0.0,0.0
F,0.0,0.0,0.0,0.0
F,0.0,0.0,0.0,0.0
F,0.0,0.0,0.0,0.0
F,-0.0195815,-0.0203685,-0.0203685,-0.03995
F,0.0,0.0,0.0,0.0
F,0.052722,0.0,0.0,0.052722
F,0.0,0.0,0.0,0.0
F,0.0,0.0,0.0,0.0
F,0.0,0.0,0.0,0.0
F,0.0,0.0,0.0,0.0
F,0.0,0.0,0.0,0.0
F,0.0,0.0,0.0,0.0
F,0.0615247,0.0,0.0,0.0615247
F,0.0,0.0,0.0,0.0
F,0.0,0.0,0.0,0.0
F,0.0,0.0,0.0,0.0
F,0.0,0.0,0.0,0.0
F,0.0,0.0,0.0,0.0
F,0.0,0.0,0.0,0.0
F,0.0,0.0,0.0,0.0
F,0.0,0.0,0.0,0.0
F,0.0,0.0,0.0,0.0
F,0.108243,0.0,0.0,0.108243
F,0.0,0.0,0.0,0.0
F,-0.0597337,0.0,0.0,-0.0597337
F,0.0,0.0,0.0,0.0
F,0.0,0.0,0.0,0.0
F,0.0,0.0,0.0,0.0
F,0.0,0.0,0.0,0.0
F,0.0,0.0,0.0,0.0
F,0.0190055,0.0,0.0,0.0190055
F,0.0,0.0,0.0,0.0
F,-0.109689,0.0,0.0,-0.109689
F,0.0,0.0,0.0,0.0
F,0.0,0.0,0.0,0.0
F,0.0,0.0,0.0,0.0
F,0.0,0.0,0.0,0.0
F,0.0,0.0,0.0,0.0
F,0.0,0.0,0.0,0.0
F,0.0,0.0,0.0,0.0
F,0.0908156,0.0,0.0,0.0908156
F,0.0,0.0,0.0,0.0
F,-0.0782566,0.0,0.0,-0.0782566
F,0.0,0.0,0.0,0.0
F,0.0,0.0,0.0,0.0
F,0.0,0.0,0.0,0.0
F,0.0,0.0,0.0,0.0
F,-0.0261383,0.0,0.0,-0.0261383
F,0.0,0.0,0.0,0.0
F,0.0,0.0,0.0,0.0
F,0.0,0.0,0.0,0.0
F,-0.05717,0.0,0.0,-0.05717
F,0.0,0.0,0.0,0.0
F,0.0,0.0,0.0,0.0
F,0.0,0.0,0.0,0.0
F,0.0,0.0,0.0,0.0
F,-0.0153744,0.0,0.0,-0.0153744
F,0.0,0.0,0.0,0.0
F,0.0,0.0,0.0,0.0
F,0.0,0.0,0.0,0.0
F,0.0,0.0,0.0,0.0
F,0.0,0.0,0.0,0.0
F,0.0170508,0.0,0.0,0.0170508
F,0.0,0.0,0.0,0.0
F,0.0,0.0,0.0,0.0
F,0.0,0.0,0.0,0.0
F,0.0,0.0,0.0,0.0
F,0.0,0.0,0.0,0.0
F,0.0,0.0,0.0,0.0
F,0.0,0.0,0.0,0.0
F,0.0,0.0,0.0,0.0
F,0.0,0.0,0.0,0.0
F,0.0,0.0,0.0,0.0
F,-0.0198039,0.0,0.0,-0.0198039
F,0.0,0.0,0.0,0.0
F,0.0,0.0,0.0,0.0
F,0.0,0.0,0.0,0.0
F,0.0,0.0,0.0,0.0
F,0.0,0.0,0.0,0.0
F,0.0,0.0,0.0,0.0
F,0.0,0.0,0.0,0.0
F,0.0486061,0.0,0.0,0.0486061
F,0.0,0.0,0.0,0.0
F,0.0,0.0,0.0,0.0
F,0.0,0.0,0.0,0.0
F,0.0,0.0,0.0,0.0
F,0.0,0.0,0.0,0.0
F,0.0487912,0.0,0.0,0.0487912
F,0.0,0.0,0.0,0.0
F,0.0,0.0,0.0,0.0
F,0.0,0.0,0.0,0.0
F,0.0,0.0,0.0,0.0
F,0.0,0.0,0.0,0.0
F,0.0,0.0,0.0,0.0
F,0.0,0.0,0.0,0.0
F,0.0,0.0,0.0,0.0
F,0.0,0.0,0.0,0.0
F,0.0,0.0,0.0,0.0
F,0.0,0.0,0.0,0.0
F,0.0,0.0,0.0,0.0
F,-0.0527426,0.0,0.0,-0.0527426
F,0.0,0.0,0.0,0.0
F,-0.0520814,0.0,0.0,-0.0520814
F,0.105887,0.0,0.0,0.105887
F,0.0,0.0,0.0,0.0
F,0.0,0.0,0.0,0.0
F,0.0,0.0,0.0,0.0
F,0.0,0.0,0.0,0.0
F,0.0,0.0,0.0,0.0
F,0.0,0.0,0.0,0.0
F,0.0,0.0,0.0,0.0
F,0.0,0.0,0.0,0.0
F,0.0,0.0,0.0,0.0
F,0.0,-0.0466265,-0.0466265,-0.0466265
F,0.0,0.0,0.0,0.0
F,0.0,0.0,0.0,0.0
F,0.0,0.0,0.0,0.0
F,0.0,0.0,0.0,0.0
F,0.0,0.0,0.0,0.0
F,0.0,0.0,0.0,0.0
F,0.0,0.0,0.0,0.0
F,0.0,0.0,0.0,0.0
F,0.0,0.0,0.0,0.0
F,0.0,0.0,0.0,0.0
F,0.0,0.0,0.0,0.0
F,0.0,0.0,0.0,0.0
F,0.0835329,0.0,0.0,0.0835329
F,0.0226334,0.0,0.0,0.0226334
F,0.0,0.0,0.0,0.0
F,0.0,0.0,0.0,0.0
F,-0.0704578,0.0,0.0,-0.0704578
F,0.0248431,0.0,0.0,0.0248431
F,0.0,0.0,0.0,0.0
F,0.0,0.0,0.0,0.0
F,0.0,0.0,0.0,0.0
F,0.0,0.0,0.0,0.0
F,0.0154197,0.0,0.0,0.0154197
F,0.0,0.0,0.0,0.0
F,0.0,0.0,0.0,0.0
F,-0.0829687,0.0,0.0,-0.0829687
F,0.0,0.0,0.0,0.0
F,-0.00286983,0.0,0.0,-0.00286983
F,0.0,0.0,0.0,0.0
F,0.0,0.0,0.0,0.0
F,0.0,0.0,0.0,0.0
F,-0.0475887,0.0,0.0,-0.0475887
F,0.0,0.0,0.0,0.0
F,0.0,0.0,0.0,0.0
F,0.0,0.0,0.0,0.0
F,0.0088817,0.0,0.0,0.0088817
F,0.0,0.0,0.0,0.0
F,0.0,0.0,0.0,0.0
F,0.0,0.0,0.0,0.0
F,0.0,0.0,0.0,0.0
F,0.0,0.0,0.0,0.0
F,0.0,0.0,0.0,0.0
F,0.0,0.0,0.0,0.0
F,-0.00661362,0.0,0.0,-0.00661362
F,-0.0294916,0.0,0.0,-0.0294916
F,0.0,0.0,0.0,0.0
F,0.0,0.0,0.0,0.0
F,0.0,0.0,0.0,0.0
F,0.0,0.0,0.0,0.0
F,0.0,0.0,0.0,0.0
F,-0.000300117,0.0,0.0,-0.000300117
F,0.0,0.0,0.0,0.0
F,0.0,0.0,0.0,0.0
F,0.0,0.0,0.0,0.0
F,0.0,0.0,0.0,0.0
F,0.0,0.0,0.0,0.0
F,0.0,0.0,0.0,0.0
F,-0.000300117,0.0,0.0,-0.000300117
F,0.0,0.0,0.0,0.0
F,0.0,0.0,0.0,0.0
F,-0.00224269,0.0,0.0,-0.00224269
F,0.0,0.0,0.0,0.0
F,0.0,0.0,0.0,0.0
F,0.0840569,0.0,0.0,0.0840569
F,0.0,0.0,0.0,0.0
F,0.0,0.0,0.0,0.0
F,0.0,0.0,0.0,0.0
F,0.0,0.0,0.0,0.0
F,0.0,0.0,0.0,0.0
F,0.0,0.0,0.0,0.0
F,-0.0427198,0.0,0.0,-0.0427198
F,0.0,0.0,0.0,0.0
F,0.0,0.0,0.0,0.0
F,0.0,0.0,0.0,0.0
F,0.0,0.0,0.0,0.0
F,0.0320463,0.0,0.0,0.0320463
F,-0.0292771,0.0,0.0,-0.0292771
F,0.0,0.0,0.0,0.0
F,0.0,0.0,0.0,0.0
F,0.0,0.0,0.0,0.0
F,-0.0980171,0.0,0.0,-0.0980171
F,0.0,0.0,0.0,0.0
F,-0.0746554,0.0,0.0,-0.0746554
F,0.0,0.0,0.0,0.0
F,0.0,0.0,0.0,0.0
F,0.0,0.0,0.0,0.0
F,0.0,0.0,0.0,0.0
F,0.0535074,0.0,0.0,0.0535074
F,0.0,0.0,0.0,0.0
F,0.0,0.0,0.0,0.0
F,0.0,0.0,0.0,0.0
F,0.0,0.0,0.0,0.0
F,0.0,0.0,0.0,0.0
F,0.0,0.0,0.0,0.0
F,0.0,0.0,0.0,0.0
F,0.0,0.0,0.0,0.0
F,0.0,0.0,0.0,0.0
F,0.0176105,0.0,0.0,0.0176105
F,0.0,0.0,0.0,0.0
F,0.0,0.0,0.0,0.0
F,0.0,0.0,0.0,0.0
F,0.0,0.0,0.0,0.0
F,0.0,0.0,0.0,0.0
F,0.0,0.0,0.0,0.0
F,0.0,0.0,0.0,0.0
F,0.0,0.0,0.0,0.0
F,0.0,0.0,0.0,0.0
F,0.0,0.0,0.0,0.0
F,0.0458874,0.0,0.0,0.0458874
F,0.0258403,0.0,0.0,0.0258403
F,0.0,0.0,0.0,0.0
F,0.0,0.0,0.0,0.0
F,-0.0153744,0.0,0.0,-0.0153744
F,0.0,0.0,0.0,0.0
F,0.0,0.0,0.0,0.0
F,0.0,0.0,0.0,0.0
F,-0.0272615,0.0,0.0,-0.0272615
F,0.0,0.0,0.0,0.0
F,0.0,0.0,0.0,0.0
F,0.0,0.0,0.0,0.0
F,0.0,0.0,0.0,0.0
F,0.0,0.0,0.0,0.0
F,0.0,0.0,0.0,0.0
F,-0.113391,0.0,0.0,-0.113391
F,0.0,0.0,0.0,0.0
F,0.0,0.0,0.0,0.0
F,-0.0984224,0.0,0.0,-0.0984224
F,0.0,0.0,0.0,0.0
F,0.0,0.0,0.0,0.0
F,0.0425358,0.0,0.0,0.0425358
F,0.0,0.0,0.0,0.0
F,0.0102053,0.0,0.0,0.0102053
F,0.0,0.0,0.0,0.0
F,-0.0830519,0.0,0.0,-0.0830519
F,0.0,0.0,0.0,0.0
F,-0.0802101,0.0,0.0,-0.0802101
F,0.0,0.0,0.0,0.0
F,0.0,0.0,0.0,0.0
F,0.0,0.0,0.0,0.0
F,0.0,0.0,0.0,0.0
F,0.0,0.0,0.0,0.0
F,0.0,0.0,0.0,0.0
F,0.0,0.0,0.0,0.0
F,0.0,0.0,0.0,0.0
F,0.0,0.0,0.0,0.0
F,-0.00355223,0.0,0.0,-0.00355223
F,0.0,0.0,0.0,0.0
F,0.0,0.0,0.0,0.0
F,0.0,0.0,0.0,0.0
F,0.0,0.0,0.0,0.0
F,0.0,0.0,0.0,0.0
F,0.0,0.0,0.0,0.0
F,0.0,0.0,0.0,0.0
F,0.0,0.0,0.0,0.0
F,0.0,0.0,0.0,0.0
F,0.0,0.0,0.0,0.0
F,-0.0457611,0.0307293,0.0307293,-0.0150317
F,0.0,0.0,0.0,0.0
F,0.0,0.0,0.0,0.0
F,0.0,0.0,0.0,0.0
F,0.0,0.0,0.0,0.0
F,0.0,0.0,0.0,0.0
F,0.0,0.0,0.0,0.0
F,0.0,0.0,0.0,0.0
F,0.0,0.0,0.0,0.0
F,0.0,0.0,0.0,0.0
F,-0.0235498,0.0,0.0,-0.0235498
F,0.0,0.0,0.0,0.0
F,0.0,0.0,0.0,0.0
F,0.0,0.0,0.0,0.0
F,-0.0648688,0.0,0.0,-0.0648688
F,-0.0229669,0.0,0.0,-0.0229669
F,0.0,0.0,0.0,0.0
F,0.0,0.0,0.0,0.0
F,0.0,0.0,0.0,0.0
F,0.0382172,0.0,0.0,0.0382172
F,-0.00259235,0.0,0.0,-0.00259235
F,0.0,0.0,0.0,0.0
F,0.0,0.0,0.0,0.0
F,0.0,0.0,0.0,0.0
F,0.0,0.0,0.0,0.0
F,0.0,0.0,0.0,0.0
F,0.0,0.0,0.0,0.0
F,0.0,0.0,0.0,0.0
F,0.0,0.0,0.0,0.0
F,0.0186119,0.0,0.0,0.0186119
F,0.0,0.0,0.0,0.0
F,0.0,0.0,0.0,0.0
F,0.0,0.0,0.0,0.0
F,0.0,0.0,0.0,0.0
F,0.00377312,0.0,0.0,0.00377312
F,0.0,0.0,0.0,0.0
F,0.0,0.0,0.0,0.0
F,0.0,0.0,0.0,0.0
F,0.0241226,0.0,0.0,0.0241226
F,0.0,0.0,0.0,0.0
F,0.0,0.0,0.0,0.0
F,-0.0036375,0.0,0.0,-0.0036375
F,0.00738901,0.0,0.0,0.00738901
F,0.0,0.0,0.0,0.0
F,-0.0198039,0.0,0.0,-0.0198039
F,0.0,0.0,0.0,0.0
F,0.0,0.0,0.0,0.0
F,0.0,0.0,0.0,0.0
F,0.0,0.0,0.0,0.0
F,0.0,0.0,0.0,0.0
F,0.0,0.0,0.0,0.0
F,-0.0130558,0.0,0.0,-0.0130558
F,0.0,0.0,0.0,0.0
F,0.0,0.0,0.0,0.0
F,0.0,0.0,0.0,0.0
F,0.0,0.0,0.0,0.0
F,0.0702047,0.0,0.0,0.0702047
F,0.0,0.0,0.0,0.0
F,0.0,0.0,0.0,0.0
F,0.0,0.0,0.0,0.0
F,0.0,0.0,0.0,0.0
F,0.0,0.0,0.0,0.0
F,0.0,0.0,0.0,0.0
F,0.0,0.0,0.0,0.0
F,0.0,0.0,0.0,0.0
F,0.0,0.0,0.0,0.0
F,0.0,0.0,0.0,0.0
F,0.0,0.0,0.0,0.0
F,0.0,0.0,0.0,0.0
F,0.0127376,0.0,0.0,0.0127376
F,0.0,0.0,0.0,0.0
F,0.0,0.0,0.0,0.0
F,0.0,0.0,0.0,0.0
F,0.0,0.0,0.0,0.0
F,0.0,0.0,0.0,0.0
F,0.0,0.0,0.0,0.0
F,0.0,0.0,0.0,0.0
F,0.0,0.0,0.0,0.0
F,-0.013907,0.0,0.0,-0.013907
F,-0.0292081,0.0,0.0,-0.0292081
F,0.0,0.0,0.0,0.0
F,0.0,0.0,0.0,0.0
F,0.0,0.0,0.0,0.0
F,0.0,0.0,0.0,0.0
F,0.0,0.0,0.0,0.0
F,0.0,0.0,0.0,0.0
F,0.0,0.0,0.0,0.0
F,0.0,0.0,0.0,0.0
F,0.0,0.0,0.0,0.0
F,0.0,0.0,0.0,0.0
F,0.0,0.0,0.0,0.0
F,0.0,0.0,0.0,0.0
F,0.0,0.0,0.0,0.0
F,0.0,0.0,0.0,0.0
F,0.0,0.0,0.0,0.0
F,0.0314286,0.0,0.0,0.0314286
F,0.0,0.0,0.0,0.0
F,0.0522054,0.0,0.0,0.0522054
F,0.0,0.0,0.0,0.0
F,0.0,0.0,0.0,0.0
F,0.0,0.0,0.0,0.0
F,0.0,0.0,0.0,0.0
F,0.0,0.0,0.0,0.0
F,0.0,0.0,0.0,0.0
F,0.0,0.0,0.0,0.0
F,0.0,0.0,0.0,0.0
F,0.0,0.0,0.0,0.0
F,0.0,0.0,0.0,0.0
F,0.0,0.0,0.0,0.0
F,0.0,0.0,0.0,0.0
F,0.0596206,0.0,0.0,0.0596206
F,0.0,0.0,0.0,0.0
F,0.0,0.0,0.0,0.0
F,0.0,0.0,0.0,0.0
F,-0.0292081,0.0,0.0,-0.0292081
F,0.0,0.0,0.0,0.0
F,0.0,0.0,0.0,0.0
F,0.0,0.0,0.0,0.0
F,0.0,0.0,0.0,0.0
F,0.0,0.0,0.0,0.0
F,-0.0283459,0.0,0.0,-0.0283459
F,0.0,0.0,0.0,0.0
F,0.0,0.0,0.0,0.0
F,0.0,0.0,0.0,0.0
F,0.0,0.0,0.0,0.0
F,0.0,0.0,0.0,0.0
F,-0.0453979,0.0,0.0,-0.0453979
F,0.0,0.0,0.0,0.0
F,0.0,0.0,0.0,0.0
F,0.0,0.0,0.0,0.0
F,0.0,0.0,0.0,0.0
F,0.0,0.0,0.0,0.0
F,0.0,0.0,0.0,0.0
F,0.0,0.0,0.0,0.0
F,0.0,0.0,0.0,0.0
F,0.0832225,0.0,0.0,0.0832225
F,-0.0343721,0.0,0.0,-0.0343721
F,0.0,0.0,0.0,0.0
F,-0.0168953,0.0,0.0,-0.0168953
F,0.0,0.0,0.0,0.0
F,0.00438145,0.0,0.0,0.00438145
F,0.0,0.0,0.0,0.0
F,0.0,0.0,0.0,0.0
F,0.0,0.0,0.0,0.0
F,0.0,0.0,0.0,0.0
F,0.0,0.0,0.0,0.0
F,0.0,0.0,0.0,0.0
F,0.0,0.0,0.0,0.0
F,0.0,0.0,0.0,0.0
F,0.0,0.0,0.0,0.0
F,0.0,0.0,0.0,0.0
F,0.0,0.0,0.0,0.0
F,0.0,0.0,0.0,0.0
F,0.0865097,0.0,0.0,0.0865097
F,0.0,0.0,0.0,0.0
F,0.0,0.0,0.0,0.0
F,0.0,0.0,0.0,0.0
F,0.0,0.0,0.0,0.0
F,0.0,0.0,0.0,0.0
F,0.0,0.0,0.0,0.0
F,0.0,0.0,0.0,0.0
F,0.0,0.0,0.0,0.0
F,0.0,0.0,0.0,0.0
F,0.0,0.0,0.0,0.0
F,0.0,0.0,0.0,0.0
F,0.0,0.0,0.0,0.0
F,0.0,0.0,0.0,0.0
F,0.0,0.0,0.0,0.0
F,0.0,0.0,0.0,0.0
F,0.0,0.0,0.0,0.0
F,0.0,0.0,0.0,0.0
F,-0.0788731,0.0,0.0,-0.0788731
F,0.0,0.0,0.0,0.0
F,0.0450349,0.0,0.0,0.0450349
F,0.0,0.0,0.0,0.0
F,0.0,0.0,0.0,0.0
F,0.0348322,0.0,0.0,0.0348322
F,0.0,0.0,0.0,0.0
F,0.0,0.0,0.0,0.0
F,0.0,0.0,0.0,0.0
F,0.0,0.0,0.0,0.0
F,0.0,0.0,0.0,0.0
F,0.0,0.0,0.0,0.0
F,0.0,0.0,0.0,0.0
F,0.0,0.0,0.0,0.0
F,0.0,0.0,0.0,0.0
F,0.0,0.0,0.0,0.0
F,0.0,-0.0466265,-0.0466265,-0.0466265
F,0.0,0.0,0.0,0.0
F,0.0,0.0,0.0,0.0
F,0.0,0.0,0.0,0.0
F,-0.0225798,0.0,0.0,-0.0225798
F,0.0,0.0,0.0,0.0
F,0.0,0.0,0.0,0.0
F,0.0,0.0,0.0,0.0
F,0.0,0.0,0.0,0.0
F,0.0,0.0,0.0,0.0
F,0.0,0.0,0.0,0.0
F,-0.0273221,0.0,0.0,-0.0273221
F,0.0,0.0,0.0,0.0
F,0.0,0.0,0.0,0.0
F,0.0,0.0,0.0,0.0
F,0.0,0.0,0.0,0.0
F,0.0,0.0,0.0,0.0
F,0.0,0.0,0.0,0.0
F,0.0,0.0,0.0,0.0
F,0.0,0.0,0.0,0.0
F,0.0,0.0,0.0,0.0
F,0.0,0.0,0.0,0.0
F,0.0,0.0,0.0,0.0
F,0.0,0.0,0.0,0.0
F,0.0,0.0,0.0,0.0
F,0.0,0.0,0.0,0.0
F,-0.0204417,0.0,0.0,-0.0204417
F,0.0,0.0,0.0,0.0
F,0.0,0.0,0.0,0.0
F,0.0,0.0,0.0,0.0
F,0.0,0.0,0.0,0.0
F,0.0,0.0,0.0,0.0
F,-0.0392979,0.0,0.0,-0.0392979
F,0.0,0.0,0.0,0.0
F,0.0,0.0,0.0,0.0
F,0.0,0.0,0.0,0.0
F,-0.0399838,0.0,0.0,-0.0399838
F,0.0,0.0,0.0,0.0
F,0.0,0.0,0.0,0.0
F,0.0,0.0,0.0,0.0
F,0.0,0.0,0.0,0.0
F,0.0,0.0,0.0,0.0
F,0.0,0.0,0.0,0.0
F,0.0,0.0,0.0,0.0
F,0.0,0.0,0.0,0.0
F,0.0,0.0,0.0,0.0
F,-0.0121117,0.0,0.0,-0.0121117
F,0.0,0.0,0.0,0.0
F,0.0,0.0,0.0,0.0
F,0.0,0.0,0.0,0.0
F,0.0,0.0,0.0,0.0
F,0.0207873,0.0,0.0,0.0207873
F,0.0,0.0,0.0,0.0
F,0.0,0.0,0.0,0.0
F,0.0,0.0,0.0,0.0
F,-0.015754,0.0,0.0,-0.015754
F,0.0,0.0,0.0,0.0
F,0.0,0.0,0.0,0.0
F,0.0,0.0,0.0,0.0
F,0.0,0.0,0.0,0.0
F,0.0,0.0,0.0,0.0
F,0.0,0.0,0.0,0.0
F,0.0,0.0,0.0,0.0
F,0.0,0.0,0.0,0.0
F,0.0,0.0,0.0,0.0
F,0.0,0.0,0.0,0.0
F,0.0,0.0,0.0,0.0
F,0.00753654,0.0,0.0,0.00753654
F,0.0284903,0.0,0.0,0.0284903
F,0.0,0.0,0.0,0.0
F,0.0,0.0,0.0,0.0
F,0.0,0.0,0.0,0.0
F,0.0,0.0,0.0,0.0
F,0.0,0.0,0.0,0.0
F,0.0,0.0,0.0,0.0
F,0.0,0.0,0.0,0.0
F,0.0,0.0,0.0,0.0
F,0.0,0.0,0.0,0.0
F,0.0,0.0,0.0,0.0
F,0.0,0.0,0.0,0.0
F,0.0,0.0,0.0,0.0
F,0.0,0.0,0.0,0.0
F,0.0,0.0,0.0,0.0
F,0.0,0.0,0.0,0.0
F,0.0,0.0,0.0,0.0
F,0.0,0.0,0.0,0.0
F,0.0,0.0,0.0,0.0
F,-0.0377972,0.0,0.0,-0.0377972
F,0.0,0.0,0.0,0.0
F,0.0,0.0,0.0,0.0
F,0.0,0.0,0.0,0.0
F,0.0,0.0,0.0,0.0
F,0.0,0.0,0.0,0.0
F,0.0,0.0,0.0,0.0
F,0.0,0.0,0.0,0.0
F,0.0,0.0,0.0,0.0
F,0.0,0.0,0.0,0.0
F,0.0,0.0,0.0,0.0
F,-0.0453979,0.0,0.0,-0.0453979
F,0.0,0.0,0.0,0.0
F,0.0,0.0,0.0,0.0
F,-0.0205858,0.0,0.0,-0.0205858
F,0.0,0.0,0.0,0.0
F,0.0,0.0,0.0,0.0
F,0.0,0.0,0.0,0.0
F,0.0,0.0,0.0,0.0
F,0.0,0.0,0.0,0.0
F,0.0,0.0,0.0,0.0
F,0.0,0.0,0.0,0.0
F,0.0,0.0,0.0,0.0
F,0.0,0.0,0.0,0.0
F,0.0,0.0,0.0,0.0
F,0.0,0.0,0.0,0.0
F,0.0474364,0.0,0.0,0.0474364
F,0.054552,0.0,0.0,0.054552
F,0.0,0.0,0.0,0.0
F,0.0,0.0,0.0,0.0
F,0.0,0.0,0.0,0.0
F,0.0,0.0,0.0,0.0
F,0.0,0.0,0.0,0.0
F,0.0,0.0,0.0,0.0
F,0.0,0.0,0.0,0.0
F,0.0,0.0,0.0,0.0
F,0.124717,0.0,0.0,0.124717
F,0.0,0.0,0.0,0.0
F,0.0,0.0,0.0,0.0
F,0.0,0.0,0.0,0.0
F,0.0,0.0,0.0,0.0
F,0.0,0.0,0.0,0.0
F,0.0,0.0,0.0,0.0
F,0.0,0.0,0.0,0.0
F,-0.0322011,0.0,0.0,-0.0322011
F,0.0,0.0,0.0,0.0
F,-0.0720925,0.0,0.0,-0.0720925
F,0.0,0.0,0.0,0.0
F,0.0,0.0,0.0,0.0
F,0.0,0.0,0.0,0.0
F,0.0,0.0,0.0,0.0
F,0.0,0.0,0.0,0.0
F,0.0,0.0,0.0,0.0
F,0.0,0.0,0.0,0.0
F,0.0,-0.0466265,-0.0466265,-0.0466265
F,0.0,0.0,0.0,0.0
F,0.0,0.0,0.0,0.0
F,0.0,0.0,0.0,0.0
F,0.0,0.0,0.0,0.0
F,0.0,0.0,0.0,0.0
F,0.0,0.0,0.0,0.0
F,0.0,0.0,0.0,0.0
F,0.0,0.0,0.0,0.0
F,0.0,0.0,0.0,0.0
F,0.0,0.0,0.0,0.0
F,0.0,0.0,0.0,0.0
F,0.0,0.0,0.0,0.0
F,0.0,0.0,0.0,0.0
F,-0.0238808,0.0,0.0,-0.0238808
F,0.0,0.0,0.0,0.0
F,0.0135691,0.0,0.0,0.0135691
F,0.0,0.0,0.0,0.0
F,-0.00499648,0.0,0.0,-0.00499648
F,0.0,0.0,0.0,0.0
F,0.0,0.0,0.0,0.0
F,-0.0895753,0.0,0.0,-0.0895753
F,0.0,0.0,0.0,0.0
F,0.0,0.0,0.0,0.0
F,0.0,0.0,0.0,0.0
F,-0.124089,0.0,0.0,-0.124089
F,0.0,0.0,0.0,0.0
F,0.0,0.0,0.0,0.0
F,0.0,0.0,0.0,0.0
F,0.0,0.0,0.0,0.0
F,0.0,0.0,0.0,0.0
F,0.0,0.0,0.0,0.0
F,0.0,0.0,0.0,0.0
F,0.0,0.0,0.0,0.0
F,0.0,0.0,0.0,0.0
F,0.0,0.0,0.0,0.0
F,0.0,0.0,0.0,0.0
F,0.0,0.0,0.0,0.0
F,0.0,0.0,0.0,0.0
F,-0.0522191,-0.0466265,-0.0466265,-0.0988456
F,0.0,0.0,0.0,0.0
F,0.0,0.0,0.0,0.0
F,0.0,0.0,0.0,0.0
F,0.0,0.0,0.0,0.0
F,0.0,0.0,0.0,0.0
F,0.0,0.0,0.0,0.0
F,0.0,0.0,0.0,0.0
F,0.0,0.0,0.0,0.0
F,-0.00261701,0.0,0.0,-0.00261701
F,0.0,0.0,0.0,0.0
F,0.0,0.0,0.0,0.0
F,0.0,0.0,0.0,0.0
F,0.0377176,0.0,0.0,0.0377176
F,-0.0829687,0.0,0.0,-0.0829687
F,0.0,0.0,0.0,0.0
F,0.0,0.0,0.0,0.0
F,0.0,0.0,0.0,0.0
F,-0.00501363,0.0,0.0,-0.00501363
F,0.0,0.0,0.0,0.0
F,0.0114491,0.0,0.0,0.0114491
F,0.0,0.0,0.0,0.0
F,-0.025184,0.0,0.0,-0.025184
F,0.0,0.0,0.0,0.0
F,0.0,0.0,0.0,0.0
F,-0.0389752,0.0,0.0,-0.0389752
F,0.0,-0.00311268,-0.00311268,-0.00311268
F,0.0,0.0,0.0,0.0
F,0.0,0.0,0.0,0.0
F,0.0,0.0,0.0,0.0
F,0.0,0.0,0.0,0.0
F,0.0,0.0,0.0,0.0
F,0.0,0.0,0.0,0.0
F,0.0317061,0.0,0.0,0.0317061
F,0.0,0.0,0.0,0.0
F,0.0,0.0,0.0,0.0
F,0.0,0.0,0.0,0.0
F,0.0,0.0,0.0,0.0
F,0.0,0.0,0.0,0.0
F,0.0,0.0,0.0,0.0
F,0.0,0.0,0.0,0.0
F,0.0,0.0,0.0,0.0
F,0.0,0.0,0.0,0.0
F,0.0,0.0,0.0,0.0
F,-0.0261644,0.0,0.0,-0.0261644
F,0.105205,0.0,0.0,0.105205
F,0.0,0.0,0.0,0.0
F,0.0,0.0,0.0,0.0
F,0.0,0.0,0.0,0.0
F,0.0,0.0,0.0,0.0
F,0.0,0.0,0.0,0.0
F,0.0,0.0,0.0,0.0
F,0.0,0.0,0.0,0.0
F,0.0,0.0,0.0,0.0
F,-0.035031,0.0,0.0,-0.035031
F,-0.0491939,0.0,0.0,-0.0491939
F,0.0,0.0,0.0,0.0
F,0.0522978,0.0,0.0,0.0522978
F,-0.136492,0.0,0.0,-0.136492
F,0.0,0.0,0.0,0.0
F,0.0,0.0,0.0,0.0
F,0.0,0.0,0.0,0.0
F,0.0,0.0,0.0,0.0
F,0.0,0.0,0.0,0.0
F,-0.0751497,0.0,0.0,-0.0751497
F,0.0,0.0,0.0,0.0
F,0.0,-0.0203685,-0.0203685,-0.0203685
F,-0.0516671,0.0,0.0,-0.0516671
F,0.0,0.0,0.0,0.0
F,0.0,0.0,0.0,0.0
F,0.0,0.0,0.0,0.0
F,0.0,0.0,0.0,0.0
F,-0.00967512,0.0,0.0,-0.00967512
F,0.0,0.0,0.0,0.0
F,0.0,0.0,0.0,0.0
F,0.0,0.0,0.0,0.0
F,0.0,0.0,0.0,0.0
F,0.0,0.0,0.0,0.0
F,0.0,0.0,0.0,0.0
F,0.0,0.0,0.0,0.0
F,0.0150899,0.0,0.0,0.0150899
F,0.0,0.0,0.0,0.0
F,0.0,0.0,0.0,0.0
F,0.0,0.0,0.0,0.0
F,0.0,0.0,0.0,0.0
F,0.0,0.0,0.0,0.0
F,0.0,0.0,0.0,0.0
F,0.0601763,0.0,0.0,0.0601763
F,-0.0320207,0.0,0.0,-0.0320207
F,-0.0394891,0.0,0.0,-0.0394891
F,0.0,0.0,0.0,0.0
F,0.0,0.0,0.0,0.0
F,0.0,0.0,0.0,0.0
F,0.0,0.0,0.0,0.0
F,0.0,0.0,0.0,0.0
F,0.0,0.0,0.0,0.0
F,0.0,0.0,0.0,0.0
F,0.0,0.0,0.0,0.0
F,0.120139,0.0,0.0,0.120139
F,0.0,0.0,0.0,0.0
F,0.0,0.0,0.0,0.0
F,0.0,0.0,0.0,0.0
F,-0.00762933,0.0,0.0,-0.00762933
F,0.0,0.0,0.0,0.0
F,-0.02361,0.0,0.0,-0.02361
F,0.0,0.0,0.0,0.0
F,0.0702866,0.0,0.0,0.0702866
F,0.0,0.0,0.0,0.0
F,0.0405145,0.0,0.0,0.0405145
F,0.0,0.0,0.0,0.0
F,0.0,0.0,0.0,0.0
F,0.0,0.0,0.0,0.0
F,0.0,0.0,0.0,0.0
F,0.0,0.0,0.0,0.0
F,0.0,0.0,0.0,0.0
F,0.0,0.0,0.0,0.0
F,0.0,0.0,0.0,0.0
F,0.0,0.0,0.0,0.0
F,-0.00993847,0.0,0.0,-0.00993847
F,0.0,0.0,0.0,0.0
F,0.0,0.0,0.0,0.0
F,0.0,0.0,0.0,0.0
F,0.0,0.0,0.0,0.0
F,0.0,0.0,0.0,0.0
F,0.0,0.0,0.0,0.0
F,0.0,0.0,0.0,0.0
F,0.0,0.0,0.0,0.0
F,0.0,0.0,0.0,0.0
F,0.0,0.0,0.0,0.0
F,0.0,0.0,0.0,0.0
F,0.0,0.0,0.0,0.0
F,0.0,0.0,0.0,0.0
F,0.0,0.0,0.0,0.0
F,0.0,0.0,0.0,0.0
F,0.0,0.0,0.0,0.0
F,0.0,0.0,0.0,0.0
F,0.0,0.0,0.0,0.0
F,0.0,0.0,0.0,0.0
F,0.0,0.0,0.0,0.0
F,-0.0246167,0.0,0.0,-0.0246167
F,0.0,0.0,0.0,0.0
F,0.0,0.0,0.0,0.0
F,-0.099655,0.0,0.0,-0.099655
F,0.0,0.0,0.0,0.0
F,0.0,0.0,0.0,0.0
F,0.0,0.0,0.0,0.0
F,0.0,0.0,0.0,0.0
F,0.0,0.0,0.0,0.0
F,0.0,0.0,0.0,0.0
F,0.0,0.0,0.0,0.0
F,0.0,0.0,0.0,0.0
F,0.0244337,0.0,0.0,0.0244337
F,0.0,0.0,0.0,0.0
F,-0.0178871,0.0,0.0,-0.0178871
F,0.0,0.0,0.0,0.0
F,0.0,0.0,0.0,0.0
F,0.0,0.0,0.0,0.0
F,0.0115826,0.0,0.0,0.0115826
F,-0.0475887,0.0,0.0,-0.0475887
F,0.0405932,0.0,0.0,0.0405932
F,0.0,0.0,0.0,0.0
F,0.0,0.0,0.0,0.0
F,0.0,0.0,0.0,0.0
F,0.0,0.0,0.0,0.0
F,0.0,0.0,0.0,0.0
F,0.0,0.0,0.0,0.0
F,0.0,0.0,0.0,0.0
F,0.0,0.0,0.0,0.0
F,0.0,0.0,0.0,0.0
F,0.0,0.0,0.0,0.0
F,0.0526012,0.0,0.0,0.0526012
F,0.0,0.0,0.0,0.0
F,0.0,0.0,0.0,0.0
F,0.0,0.0,0.0,0.0
F,0.0,0.0,0.0,0.0
F,0.0,0.0,0.0,0.0
F,0.0,0.0,0.0,0.0
F,0.0,0.0,0.0,0.0
F,0.00066619,0.0,0.0,0.00066619
F,0.0,0.0,0.0,0.0
F,0.0,0.0,0.0,0.0
F,0.0128418,0.0,0.0,0.0128418
F,0.031802,0.0,0.0,0.031802
F,0.0,0.0,0.0,0.0
F,0.0,0.0,0.0,0.0
F,0.0,0.0,0.0,0.0
F,0.054552,0.0,0.0,0.054552
F,0.0,0.0,0.0,0.0
F,-0.0153744,0.0,0.0,-0.0153744
F,-0.0405977,0.0,0.0,-0.0405977
F,0.0,0.0,0.0,0.0
F,0.0,0.0576284,0.0576284,0.0576284
F,-0.0198039,0.0,0.0,-0.0198039
F,0.0,0.0,0.0,0.0
F,0.0,0.0,0.0,0.0
F,0.0749317,0.0,0.0,0.0749317
F,0.0,0.0,0.0,0.0
F,-0.0110878,0.0,0.0,-0.0110878
F,0.0,0.0,0.0,0.0
F,0.0,0.0,0.0,0.0
F,-0.0408799,0.0,0.0,-0.0408799
F,0.0,0.0,0.0,0.0
F,0.0,0.0,0.0,0.0
F,0.0,0.0,0.0,0.0
F,0.0,0.0,0.0,0.0
F,-0.0255125,0.0,0.0,-0.0255125
F,0.0,0.0,0.0,0.0
F,0.0,0.0,0.0,0.0
F,0.0,0.0,0.0,0.0
F,0.0,0.0,0.0,0.0
F,0.0,0.0,0.0,0.0
F,0.0163737,0.0,0.0,0.0163737
F,0.0,0.0,0.0,0.0
F,0.0,0.0,0.0,0.0
F,0.0,0.0,0.0,0.0
F,0.0,0.0,0.0,0.0
F,0.0,0.0,0.0,0.0
F,0.0,0.0,0.0,0.0
F,0.0,0.0,0.0,0.0
F,0.0,0.0,0.0,0.0
F,0.0,0.0,0.0,0.0
F,0.0,0.0,0.0,0.0
F,0.0226334,0.0,0.0,0.0226334
F,0.0382234,0.0,0.0,0.0382234
F,0.0,0.0,0.0,0.0
F,0.0,0.0,0.0,0.0
F,0.0,0.0,0.0,0.0
F,0.0,0.0,0.0,0.0
F,0.0,0.0,0.0,0.0
F,0.0,0.0,0.0,0.0
F,-0.013907,0.0,0.0,-0.013907
F,0.0140455,0.0,0.0,0.0140455
F,0.0,0.0,0.0,0.0
F,0.0,0.0,0.0,0.0
F,-0.0325588,0.0,0.0,-0.0325588
F,0.0,0.0,0.0,0.0
F,0.0,0.0,0.0,0.0
F,0.0,0.0,0.0,0.0
F,0.0,0.0,0.0,0.0
F,-0.0106189,0.0,0.0,-0.0106189
F,0.0,0.0,0.0,0.0
F,0.0,0.0,0.0,0.0
F,0.0,0.0,0.0,0.0
F,0.0,0.0,0.0,0.0
F,0.0,0.0,0.0,0.0
F,0.00455191,0.0,0.0,0.00455191
F,0.0,0.0,0.0,0.0
F,0.0,0.0,0.0,0.0
F,0.0,0.0,0.0,0.0
F,0.0,0.0,0.0,0.0
F,0.0,0.0,0.0,0.0
F,0.0,0.0,0.0,0.0
F,0.0,0.0,0.0,0.0
F,0.0,0.0,0.0,0.0
F,0.0,0.0,0.0,0.0
F,0.0,-0.0303314,-0.0303314,-0.0303314
F,0.0,0.0,0.0,0.0
F,0.0214001,0.0,0.0,0.0214001
F,-0.0457611,0.0,0.0,-0.0457611
F,0.0,0.0,0.0,0.0
F,0.0,0.0,0.0,0.0
F,0.0,0.0,0.0,0.0
F,0.0,0.0,0.0,0.0
F,0.0,0.0,0.0,0.0
F,0.0,0.0,0.0,0.0
F,0.0,0.0,0.0,0.0
F,0.0,0.0,0.0,0.0
F,0.0,0.0,0.0,0.0
F,0.0853937,0.0,0.0,0.0853937
F,0.0,0.0,0.0,0.0
F,0.0,0.0,0.0,0.0
F,0.0,0.0,0.0,0.0
F,0.0,0.0,0.0,0.0
F,-0.112199,0.0,0.0,-0.112199
F,0.0,0.0,0.0,0.0
F,-0.033671,0.0,0.0,-0.033671
F,0.0,0.0,0.0,0.0
F,0.0,0.0,0.0,0.0
F,0.0,0.0,0.0,0.0
F,0.0,0.0,0.0,0.0
F,-0.0339332,0.0,0.0,-0.0339332
F,0.0,0.0,0.0,0.0
F,0.0,0.0,0.0,0.0
F,-0.0663738,0.0,0.0,-0.0663738
F,0.0,0.0,0.0,0.0
F,0.0,0.0,0.0,0.0
F,0.0,0.0,0.0,0.0
F,0.0,0.0,0.0,0.0
F,0.0,0.0,0.0,0.0
F,0.0,0.0,0.0,0.0
F,0.0,0.0,0.0,0.0
F,0.0,0.0,0.0,0.0
F,0.0,0.0,0.0,0.0
F,-0.0876826,0.0,0.0,-0.0876826
F,0.0,0.0,0.0,0.0
F,0.0,0.0,0.0,0.0
F,0.0,0.0,0.0,0.0
F,0.0,0.0,0.0,0.0
F,0.0,0.0,0.0,0.0
F,-0.0581197,0.0,0.0,-0.0581197
F,0.0,0.0,0.0,0.0
F,-0.0334039,0.0,0.0,-0.0334039
F,0.0,0.0,0.0,0.0
F,0.0,0.0,0.0,0.0
F,0.0,0.0,0.0,0.0
F,0.0,0.0,0.0,0.0
F,0.0,0.0,0.0,0.0
F,0.0,0.0,0.0,0.0
F,0.0,0.0,0.0,0.0
F,-0.0534747,0.0,0.0,-0.0534747
F,0.0,0.0,0.0,0.0
F,0.0,0.0,0.0,0.0
F,0.0,0.0,0.0,0.0
F,0.0,0.0,0.0,0.0
F,0.0,0.0,0.0,0.0
F,0.0,0.0,0.0,0.0
F,0.0,0.0,0.0,0.0
F,0.0,0.0,0.0,0.0
F,0.0,0.0,0.0,0.0
F,-0.0400811,0.0,0.0,-0.0400811
F,0.0,0.0,0.0,0.0
F,0.0,0.0,0.0,0.0
F,0.0,0.0,0.0,0.0
F,0.0,0.0,0.0,0.0
F,0.0,0.0,0.0,0.0
F,0.0,0.0,0.0,0.0
F,0.0,0.0,0.0,0.0
F,0.0,0.0,0.0,0.0
F,0.0,0.0,0.0,0.0
F,0.0,0.0,0.0,0.0
F,-0.0520814,0.0,0.0,-0.0520814
F,0.0,0.0,0.0,0.0
F,0.0,0.0,0.0,0.0
F,0.0,0.0,0.0,0.0
F,0.0769878,0.0,0.0,0.0769878
F,0.0,0.0,0.0,0.0
F,0.0,0.0,0.0,0.0
F,0.0,0.0,0.0,0.0
F,0.0,0.0,0.0,0.0
F,0.0,0.0,0.0,0.0
F,0.0,0.0,0.0,0.0
F,-0.0551706,0.0,0.0,-0.0551706
F,0.0,0.0,0.0,0.0
F,0.0,0.0,0.0,0.0
F,0.0,0.0,0.0,0.0
F,0.0,0.0,0.0,0.0
F,0.0,0.0,0.0,0.0
F,0.0,0.0,0.0,0.0
F,0.0,0.0,0.0,0.0
F,0.0,0.0,0.0,0.0
F,0.0,0.0,0.0,0.0
F,0.0,0.0,0.0,0.0
F,0.105205,0.0,0.0,0.105205
F,0.0,0.0,0.0,0.0
F,0.0,0.0,0.0,0.0
F,0.0,0.0,0.0,0.0
F,0.0,0.0,0.0,0.0
F,0.0803297,0.0,0.0,0.0803297
F,0.0,0.0,0.0,0.0
F,0.0394115,0.0,0.0,0.0394115
F,0.0,0.0,0.0,0.0
F,0.0840569,0.0,0.0,0.0840569
F,-0.0876826,0.0,0.0,-0.0876826
F,0.0,0.0,0.0,0.0
F,0.0,0.0,0.0,0.0
F,-0.103432,0.0,0.0,-0.103432
F,0.0,0.0,0.0,0.0
F,0.0289773,0.0,0.0,0.0289773
F,0.0,0.0,0.0,0.0
F,-0.124089,0.0,0.0,-0.124089
F,0.0,0.0,0.0,0.0
F,0.0,0.0,0.0,0.0
F,0.0,0.0,0.0,0.0
F,0.0,0.0,0.0,0.0
F,0.0,0.0,0.0,0.0
F,-0.0291021,0.0,0.0,-0.0291021
F,0.0,0.0,0.0,0.0
F,0.0,0.0,0.0,0.0
F,0.0,0.0,0.0,0.0
F,0.0,0.0,0.0,0.0
F,0.0,0.0,0.0,0.0
F,0.0,0.0,0.0,0.0
F,0.0,0.0,0.0,0.0
F,0.074302,0.0,0.0,0.074302
F,0.0,0.0,0.0,0.0
F,0.0,0.0,0.0,0.0
F,-0.0113487,0.0,0.0,-0.0113487
F,0.0,0.0,0.0,0.0
F,0.0,0.0,0.0,0.0
F,0.0,0.0,0.0,0.0
F,0.0,0.0,0.0,0.0
F,0.0,0.0,0.0,0.0
F,0.0,0.0,0.0,0.0
F,0.0,0.0,0.0,0.0
F,0.0,0.0,0.0,0.0
F,0.0,0.0,0.0,0.0
F,0.0,0.0,0.0,0.0
F,0.0,0.0,0.0,0.0
F,0.0,0.0,0.0,0.0
F,0.0,0.0,0.0,0.0
F,-0.0583346,0.0,0.0,-0.0583346
F,0.023683,0.0,0.0,0.023683
F,0.0298974,0.0,0.0,0.0298974
F,0.0,0.0,0.0,0.0
F,-0.0127232,0.0,0.0,-0.0127232
F,-0.0369465,0.0,0.0,-0.0369465
F,0.0801397,0.0,0.0,0.0801397
F,-0.0405142,0.0,0.0,-0.0405142
F,0.0,0.0,0.0,0.0
F,0.0624198,0.0,0.0,0.0624198
F,0.0,0.0,0.0,0.0
F,0.0,0.0,0.0,0.0
F,0.0,0.0,0.0,0.0
F,0.0,0.0,0.0,0.0
F,0.0,0.0,0.0,0.0
F,0.0,0.0,0.0,0.0
F,0.0,0.0,0.0,0.0
F,0.0,0.0,0.0,0.0
F,0.0,0.0,0.0,0.0
F,0.0,0.0,0.0,0.0
F,0.0,0.0,0.0,0.0
F,0.0,0.0,0.0,0.0
F,0.0,0.0,0.0,0.0
F,0.0,0.0,0.0,0.0
F,0.0105368,0.0,0.0,0.0105368
F,0.0,0.0,0.0,0.0
F,0.0,0.0,0.0,0.0
F,0.0,0.0,0.0,0.0
F,0.0,0.0,0.0,0.0
F,0.0,-0.0466265,-0.0466265,-0.0466265
F,0.0,0.0,0.0,0.0
F,0.0,0.0,0.0,0.0
F,-0.00943912,0.0,0.0,-0.00943912
F,0.0,0.0,0.0,0.0
F,0.0,0.0,0.0,0.0
F,0.0,0.0,0.0,0.0
F,0.00961579,0.0,0.0,0.00961579
F,0.0,0.0,0.0,0.0
F,-0.0251646,0.0,0.0,-0.0251646
F,0.0,0.0,0.0,0.0
F,0.0,0.0,0.0,0.0
F,0.0,0.0,0.0,0.0
F,0.0,0.0,0.0,0.0
F,-0.035031,0.0,0.0,-0.035031
F,0.0,0.0,0.0,0.0
F,0.0222904,0.0,0.0,0.0222904
F,0.0,0.0,0.0,0.0
F,0.0,0.00436848,0.00436848,0.00436848
F,0.0191147,0.0,0.0,0.0191147
F,0.0,0.0,0.0,0.0
F,0.0,0.0,0.0,0.0
F,0.0,0.0,0.0,0.0
F,0.0,0.0,0.0,0.0
F,0.0,0.0,0.0,0.0
F,0.0,0.0,0.0,0.0
F,0.0,0.0,0.0,0.0
F,0.0,0.0,0.0,0.0
F,0.0,0.0,0.0,0.0
F,0.0565481,0.0,0.0,0.0565481
F,0.0,0.0,0.0,0.0
F,0.0467188,0.0,0.0,0.0467188
F,0.0,0.0,0.0,0.0
F,-0.0231466,0.0,0.0,-0.0231466
F,0.0,0.0,0.0,0.0
F,0.0,0.0,0.0,0.0
F,0.0,0.0,0.0,0.0
F,0.0,0.0,0.0,0.0
F,0.0,0.0,0.0,0.0
F,0.0,0.0,0.0,0.0
F,0.0320463,0.0,0.0,0.0320463
F,0.0,0.0,0.0,0.0
F,-0.0231466,0.0,0.0,-0.0231466
F,0.0,0.0,0.0,0.0
F,0.0,0.0,0.0,0.0
F,0.0,0.0,0.0,0.0
F,0.0,0.0,0.0,0.0
F,0.0,0.0,0.0,0.0
F,0.0,0.0,0.0,0.0
F,0.0,0.0,0.0,0.0
F,0.0,0.0,0.0,0.0
F,-0.0165517,0.0,0.0,-0.0165517
F,0.0,0.0,0.0,0.0
F,0.0,0.0,0.0,0.0
F,0.0,0.0,0.0,0.0
F,0.0,0.0,0.0,0.0
F,0.0,0.0,0.0,0.0
F,0.0,0.0,0.0,0.0
F,0.0,0.0,0.0,0.0
F,-0.011457,0.0,0.0,-0.011457
F,0.0,0.0,0.0,0.0
F,-0.0326104,0.0,0.0,-0.0326104
F,0.0,0.0,0.0,0.0
F,0.0,0.0,0.0,0.0
F,0.0,0.0,0.0,0.0
F,0.0,0.0,0.0,0.0
F,0.0,0.0,0.0,0.0
F,0.0530587,0.0,0.0,0.0530587
F,0.0,0.0,0.0,0.0
F,0.0,0.0,0.0,0.0
F,0.0,0.0,0.0,0.0
F,0.0,0.0,0.0,0.0
F,-0.00213735,0.0,0.0,-0.00213735
F,0.0,0.0,0.0,0.0
F,0.0,0.0,0.0,0.0
F,0.0,0.0,0.0,0.0
F,0.0,0.0,0.0,0.0
F,0.0,0.0,0.0,0.0
F,0.0,0.0,0.0,0.0
F,0.0,0.0,0.0,0.0
F,0.0,0.0,0.0,0.0
F,0.0732281,0.0,0.0,0.0732281
F,0.0775851,0.0,0.0,0.0775851
F,0.0,0.0,0.0,0.0
F,-0.0751082,0.0,0.0,-0.0751082
F,0.0,0.0,0.0,0.0
F,0.0,0.0,0.0,0.0
F,0.0,0.0,0.0,0.0
F,0.0,0.0,0.0,0.0
F,0.0,0.0,0.0,0.0
F,0.0,0.0,0.0,0.0
F,0.0,0.0,0.0,0.0
F,0.0,0.0,0.0,0.0
F,0.0,0.0,0.0,0.0
F,0.0320463,0.0,0.0,0.0320463
F,0.0,0.0,0.0,0.0
F,0.0,0.0,0.0,0.0
F,0.0,0.0,0.0,0.0
F,-0.0996464,0.0,0.0,-0.0996464
F,0.0,0.0,0.0,0.0
F,0.0,0.0,0.0,0.0
F,0.0,0.0,0.0,0.0
F,0.0,0.0,0.0,0.0
F,0.0,0.0,0.0,0.0
F,0.0,0.0,0.0,0.0
F,0.0,0.0,0.0,0.0
F,0.0,0.0,0.0,0.0
F,0.0,0.0,0.0,0.0
F,0.0,0.0,0.0,0.0
F,0.0,0.0,0.0,0.0
F,0.0,0.0,0.0,0.0
F,0.0,0.0,0.0,0.0
F,0.0,0.0,0.0,0.0
F,0.0,0.0,0.0,0.0
F,0.0,0.0,0.0,0.0
F,0.0,0.0,0.0,0.0
F,0.0,0.0,0.0,0.0
F,0.0,0.0,0.0,0.0
F,0.0,0.0,0.0,0.0
F,-0.0577302,0.0,0.0,-0.0577302
F,0.0,0.0,0.0,0.0
F,0.0,0.0,0.0,0.0
F,0.0,0.0,0.0,0.0
F,0.0,0.0,0.0,0.0
F,0.0,0.0,0.0,0.0
F,0.0,0.0,0.0,0.0
F,-0.00485246,0.0,0.0,-0.00485246
F,-0.00628716,0.0,0.0,-0.00628716
F,-0.000366483,0.0,0.0,-0.000366483
F,0.0,0.0,0.0,0.0
F,0.0,0.0,0.0,0.0
F,0.0,0.0,0.0,0.0
F,0.0,0.0,0.0,0.0
F,0.0,0.0,0.0,0.0
F,-0.015754,0.0,0.0,-0.015754
F,0.0,0.0,0.0,0.0
F,0.0,0.0,0.0,0.0
F,0.0,0.0,0.0,0.0
F,0.0,0.0,0.0,0.0
F,0.0,0.0,0.0,0.0
F,0.0,0.0,0.0,0.0
F,0.0,0.0,0.0,0.0
F,0.0,0.0,0.0,0.0
F,0.0,0.0,0.0,0.0
F,0.0,0.0,0.0,0.0
F,0.0,0.0,0.0,0.0
F,0.0,0.0,0.0,0.0
F,0.0,0.0,0.0,0.0
F,0.0,0.0,0.0,0.0
F,-0.00699346,0.0,0.0,-0.00699346
F,0.0,0.0,0.0,0.0
F,0.0,0.0,0.0,0.0
F,0.0,0.0,0.0,0.0
F,0.0,0.0,0.0,0.0
F,0.0565663,0.0,0.0,0.0565663
F,0.0,0.0,0.0,0.0
F,0.0,0.0,0.0,0.0
F,0.0,0.0,0.0,0.0
F,0.0,0.0,0.0,0.0
F,0.0,0.0,0.0,0.0
F,0.0,0.0,0.0,0.0
F,0.0,0.0,0.0,0.0
F,-0.112199,0.0,0.0,-0.112199
F,0.00961579,0.0,0.0,0.00961579
F,0.0,0.0,0.0,0.0
F,0.0,0.0,0.0,0.0
F,0.0,0.0,0.0,0.0
F,0.0,0.0,0.0,0.0
F,0.0,0.0,0.0,0.0
F,-0.0563369,0.0,0.0,-0.0563369
F,0.0,0.0,0.0,0.0
F,0.0,0.0,0.0,0.0
F,0.0,0.0,0.0,0.0
F,0.0,0.0,0.0,0.0
F,0.0,0.0,0.0,0.0
F,0.0,0.0,0.0,0.0
F,0.0163737,0.0,0.0,0.0163737
F,-0.0322011,0.0,0.0,-0.0322011
F,0.0,0.0,0.0,0.0
F,-0.00795575,0.0,0.0,-0.00795575
F,0.0,0.0,0.0,0.0
F,0.0141717,0.0,0.0,0.0141717
F,0.0,0.0,0.0,0.0
F,-0.0695467,0.0,0.0,-0.0695467
F,0.0,0.0,0.0,0.0
F,0.0,0.0,0.0,0.0
F,0.0,0.0,0.0,0.0
F,0.0,0.0,0.0,0.0
F,0.0,0.0,0.0,0.0
F,0.0,0.0,0.0,0.0
F,0.0,0.0,0.0,0.0
F,0.0,0.0,0.0,0.0
F,-0.0394891,0.0,0.0,-0.0394891
F,0.0,0.0,0.0,0.0
F,0.0,0.0,0.0,0.0
F,-0.0292744,0.0,0.0,-0.0292744
F,0.0,0.0,0.0,0.0
F,0.0,0.0,0.0,0.0
F,0.0,0.0,0.0,0.0
F,0.0,0.0,0.0,0.0
F,0.0163737,0.0,0.0,0.0163737
F,-0.033982,0.0,0.0,-0.033982
F,0.0,0.0,0.0,0.0
F,0.0,0.0,0.0,0.0
F,0.0,0.0,0.0,0.0
F,0.0,0.0,0.0,0.0
F,0.0,0.0,0.0,0.0
F,0.0486061,0.0,0.0,0.0486061
F,0.00250594,0.0,0.0,0.00250594
F,0.0,0.0,0.0,0.0
F,0.0,0.0,0.0,0.0
F,-0.0279403,0.0,0.0,-0.0279403
F,0.0,0.0,0.0,0.0
F,0.0,0.0,0.0,0.0
F,-0.00213735,0.0,0.0,-0.00213735
F,0.0,0.0,0.0,0.0
F,0.0,0.0,0.0,0.0
F,0.0,0.0,0.0,0.0
F,0.0,0.0,0.0,0.0
F,0.0,0.0,0.0,0.0
F,0.0,0.0,0.0,0.0
F,0.0,0.0,0.0,0.0
F,0.0,0.0,0.0,0.0
F,0.0,0.0,0.0,0.0
F,0.0,0.0,0.0,0.0
F,0.0,0.0,0.0,0.0
F,0.0,0.0,0.0,0.0
F,0.0,0.0,0.0,0.0
F,0.0,0.0,0.0,0.0
F,0.0,0.0,0.0,0.0
F,0.0,0.0,0.0,0.0
F,0.0,0.0,0.0,0.0
F,-0.0282268,0.0,0.0,-0.0282268
F,0.0,0.0,0.0,0.0
F,0.0,0.0,0.0,0.0
F,0.0,0.0,0.0,0.0
F,0.0,0.0,0.0,0.0
F,0.0,0.0,0.0,0.0
F,0.0136684,0.0,0.0,0.0136684
F,-0.0405142,0.0,0.0,-0.0405142
F,0.0,0.0,0.0,0.0
F,0.0,0.0,0.0,0.0
F,0.00592798,0.0,0.0,0.00592798
F,0.0,0.0,0.0,0.0
F,0.0,0.0,0.0,0.0
F,0.0,0.0,0.0,0.0
F,0.0,0.0,0.0,0.0
F,0.0,0.0,0.0,0.0
F,0.0158597,0.0,0.0,0.0158597
F,0.0,0.0,0.0,0.0
F,0.0,0.0,0.0,0.0
F,0.0,0.0,0.0,0.0
F,0.0,0.0,0.0,0.0
F,0.0,0.0,0.0,0.0
F,0.0,0.0,0.0,0.0
F,0.0,0.0,0.0,0.0
F,0.0,0.0,0.0,0.0
F,0.0,0.0,0.0,0.0
F,0.0,0.0,0.0,0.0
F,0.0,0.0,0.0,0.0
F,0.0,0.0,0.0,0.0
F,0.0,0.0,0.0,0.0
F,0.0,0.0,0.0,0.0
F,0.0226334,0.0,0.0,0.0226334
F,0.0,0.0,0.0,0.0
F,0.0,0.0,0.0,0.0
F,0.0,0.0,0.0,0.0
F,0.0,0.0,0.0,0.0
F,0.0961636,0.0,0.0,0.0961636
F,-0.0136591,0.0,0.0,-0.0136591
F,0.0,0.0,0.0,0.0
F,0.0,0.0,0.0,0.0
F,-0.0394891,0.0,0.0,-0.0394891
F,0.0,0.0,0.0,0.0
F,0.0,0.0,0.0,0.0
F,-0.0119539,0.0,0.0,-0.0119539
F,0.0,0.0,0.0,0.0
F,-0.00181074,0.0,0.0,-0.00181074
F,0.0,0.0,0.0,0.0
F,-0.0171329,0.0,0.0,-0.0171329
F,0.0,0.0,0.0,0.0
F,0.0,0.0,0.0,0.0
F,0.0,0.0,0.0,0.0
F,0.0,0.0,0.0,0.0
F,0.0,0.0,0.0,0.0
F,0.0,0.0,0.0,0.0
F,-0.0555067,0.0,0.0,-0.0555067
F,-0.0168953,0.0,0.0,-0.0168953
F,0.0,0.0,0.0,0.0
F,0.0,0.0,0.0,0.0
F,0.0,0.0,0.0,0.0
F,0.0,0.0,0.0,0.0
F,0.0,0.0,0.0,0.0
F,0.0,0.0,0.0,0.0
F,-0.0802101,0.0,0.0,-0.0802101
F,0.0,0.0,0.0,0.0
F,0.0,0.0,0.0,0.0
F,0.0,0.0,0.0,0.0
F,0.0,0.0,0.0,0.0
F,0.0,0.0,0.0,0.0
F,0.0,0.0,0.0,0.0
F,0.0,0.0,0.0,0.0
F,0.0,0.0,0.0,0.0
F,-0.0704578,0.0,0.0,-0.0704578
F,0.0,0.0,0.0,0.0
F,0.0,0.0,0.0,0.0
F,0.0,0.0,0.0,0.0
F,0.0,0.0,0.0,0.0
F,0.105205,0.0,0.0,0.105205
F,0.0114491,0.0,0.0,0.0114491
F,0.0,0.0,0.0,0.0
F,0.0499474,0.0,0.0,0.0499474
F,0.0,0.0,0.0,0.0
F,0.0,0.0,0.0,0.0
F,-0.0826827,0.0,0.0,-0.0826827
F,0.0,0.0,0.0,0.0
F,0.0,0.0,0.0,0.0
F,0.0,0.0,0.0,0.0
F,0.0,0.0,0.0,0.0
F,0.0,0.0,0.0,0.0
F,0.0,0.0,0.0,0.0
F,0.0,0.0,0.0,0.0
F,0.0,0.0,0.0,0.0
F,0.0,0.0,0.0,0.0
F,-0.00238555,0.0,0.0,-0.00238555
F,0.0,0.0,0.0,0.0
F,0.0,0.0,0.0,0.0
F,0.0,0.0,0.0,0.0
F,0.0,0.0,0.0,0.0
F,0.0,0.0,0.0,0.0
F,0.0,0.0,0.0,0.0
F,0.0,0.0,0.0,0.0
F,-0.02361,0.0,0.0,-0.02361
F,0.0,0.0,0.0,0.0
F,0.0,0.0,0.0,0.0
F,0.0,0.0,0.0,0.0
F,0.0,0.0,0.0,0.0
F,-0.0116116,0.0,0.0,-0.0116116
F,0.0,0.0,0.0,0.0
F,-0.0116891,0.0,0.0,-0.0116891
F,0.0,0.0,0.0,0.0
F,0.0,0.0,0.0,0.0
M,0.0,0.0,0.0,0.0
M,-0.0393014,0.0,0.0,-0.0393014
M,0.0,0.0,0.0,0.0
M,0.066922,0.0,0.0,0.066922
M,0.0,0.0,0.0,0.0
M,-0.0912144,0.0,0.0,-0.0912144
M,0.0,0.0,0.0,0.0
M,0.0,0.0,0.0,0.0
M,0.0,0.0,0.0,0.0
M,0.0,0.0,0.0,0.0
M,0.0,0.0,0.0,0.0
M,0.0,0.0,0.0,0.0
M,0.0,0.0,0.0,0.0
M,0.0,0.0,0.0,0.0
M,0.0,0.0,0.0,0.0
M,0.0,0.0,0.0,0.0
M,0.0,0.0,0.0,0.0
M,0.0,0.0,0.0,0.0
M,0.0,0.0,0.0,0.0
M,0.0,0.0,0.0,0.0
M,-0.0449327,0.0,0.0,-0.0449327
M,0.0,0.0,0.0,0.0
M,0.0,0.0,0.0,0.0
M,0.0,0.0,0.0,0.0
M,0.0,0.0,0.0,0.0
M,-0.0689805,0.0,0.0,-0.0689805
M,0.0,0.0,0.0,0.0
M,0.0,0.0,0.0,0.0
M,0.0,0.0,0.0,0.0
M,0.0,0.0,0.0,0.0
M,0.0,0.0,0.0,0.0
M,0.0,0.0,0.0,0.0
M,0.0,0.0,0.0,0.0
M,0.0,0.0,0.0,0.0
M,0.0,0.0,0.0,0.0
M,0.0,0.0,0.0,0.0
M,0.0,0.0,0.0,0.0
M,0.0,0.0,0.0,0.0
M,0.0,0.0,0.0,0.0
M,0.0,0.0,0.0,0.0
M,0.0,0.0,0.0,0.0
M,0.0,0.0,0.0,0.0
M,0.0,0.0,0.0,0.0
M,0.00725508,0.0,0.0,0.00725508
M,0.0,0.0,0.0,0.0
M,0.0,0.0,0.0,0.0
M,0.0,0.0,0.0,0.0
M,0.0,0.0,0.0,0.0
M,0.0,0.0,0.0,0.0
M,0.0,0.0,0.0,0.0
M,0.0,0.0,0.0,0.0
M,0.0,0.0,0.0,0.0
M,0.0,0.0,0.0,0.0
M,0.0,0.0,0.0,0.0
M,0.0,0.0,0.0,0.0
M,0.0662439,0.0,0.0,0.0662439
M,0.0,0.0,0.0,0.0
M,0.0,0.0,0.0,0.0
M,0.0,0.0,0.0,0.0
M,0.0,0.0,0.0,0.0
M,0.0,0.0,0.0,0.0
M,0.0,0.0,0.0,0.0
M,0.0,0.0,0.0,0.0
M,-0.0778639,0.0,0.0,-0.0778639
M,0.0,0.0,0.0,0.0
M,0.0,0.0,0.0,0.0
M,0.0,0.0,0.0,0.0
M,0.0,0.0,0.0,0.0
M,0.0,0.0,0.0,0.0
M,0.0,0.0,0.0,0.0
M,0.0,0.0,0.0,0.0
M,0.0,0.0,0.0,0.0
M,0.0,0.0,0.0,0.0
M,0.0,0.0,0.0,0.0
M,0.0,0.0,0.0,0.0
M,0.0,0.0,0.0,0.0
M,0.0,0.0,0.0,0.0
M,0.0733873,0.0,0.0,0.0733873
M,0.0,0.018412,0.018412,0.018412
M,0.0,0.0,0.0,0.0
M,0.0,0.0,0.0,0.0
M,0.0,0.0,0.0,0.0
M,-0.0364625,0.0,0.0,-0.0364625
M,0.0,0.0,0.0,0.0
M,0.0,0.0,0.0,0.0
M,0.0,0.0,0.0,0.0
M,-0.0113875,0.0,0.0,-0.0113875
M,0.0,0.0,0.0,0.0
M,0.0,0.0,0.0,0.0
M,0.0,0.0,0.0,0.0
M,-0.0294274,0.0,0.0,-0.0294274
M,0.0,0.0,0.0,0.0
M,0.0,0.0,0.0,0.0
M,-0.0676427,0.0,0.0,-0.0676427
M,0.0,0.0,0.0,0.0
M,0.0,0.0,0.0,0.0
M,0.0,0.0,0.0,0.0
M,0.0,0.0,0.0,0.0
M,0.0,0.0,0.0,0.0
M,0.0,0.0,0.0,0.0
M,0.0,0.0,0.0,0.0
M,0.0,0.0,0.0,0.0
M,0.0,0.0,0.0,0.0
M,0.0,0.0,0.0,0.0
M,0.0,0.0,0.0,0.0
M,0.0,0.0,0.0,0.0
M,0.0,0.0,0.0,0.0
M,0.0,0.0,0.0,0.0
M,0.0,0.0,0.0,0.0
M,0.0,0.0,0.0,0.0
M,0.0,0.0,0.0,0.0
M,0.0,0.0,0.0,0.0
M,0.0,0.0,0.0,0.0
M,0.0197748,0.0,0.0,0.0197748
M,0.0,0.0,0.0,0.0
M,0.0,0.0,0.0,0.0
M,0.0,0.0,0.0,0.0
M,0.0,0.0,0.0,0.0
M,-0.00363023,0.0,0.0,-0.00363023
M,0.0,0.0,0.0,0.0
M,0.0,0.0,0.0,0.0
M,0.0,0.0,0.0,0.0
M,0.0,0.0,0.0,0.0
M,0.0,0.0,0.0,0.0
M,0.0170227,0.0,0.0,0.0170227
M,0.0,0.0,0.0,0.0
M,0.0306976,0.0,0.0,0.0306976
M,0.0,0.0,0.0,0.0
M,0.0,0.0,0.0,0.0
M,0.0,0.0,0.0,0.0
M,-0.0393244,0.0,0.0,-0.0393244
M,0.0,0.0,0.0,0.0
M,0.0,0.0,0.0,0.0
M,0.0,0.0,0.0,0.0
M,0.0,0.0,0.0,0.0
M,0.0,0.0,0.0,0.0
M,0.0,0.0,0.0,0.0
M,0.0,0.0,0.0,0.0
M,-0.0687847,0.0,0.0,-0.0687847
M,0.0445057,0.0,0.0,0.0445057
M,-0.000316997,0.0,0.0,-0.000316997
M,0.0,0.0,0.0,0.0
M,0.0,0.0,0.0,0.0
M,0.0,0.0,0.0,0.0
M,0.0,0.0,0.0,0.0
M,-0.0687776,0.0,0.0,-0.0687776
M,0.0,0.0,0.0,0.0
M,0.0,0.0,0.0,0.0
M,0.0866335,0.0,0.0,0.0866335
M,0.0,0.0,0.0,0.0
M,0.0,0.0,0.0,0.0
M,0.0,0.0,0.0,0.0
M,0.0,0.0,0.0,0.0
M,0.0,0.0,0.0,0.0
M,0.0,0.0,0.0,0.0
M,0.0,0.0,0.0,0.0
M,0.0,0.0,0.0,0.0
M,0.0,0.0,0.0,0.0
M,-0.00508117,0.0,0.0,-0.00508117
M,0.0306112,0.0,0.0,0.0306112
M,0.0227358,0.0,0.0,0.0227358
M,0.0,0.0,0.0,0.0
M,0.0,0.0,0.0,0.0
M,0.0,0.0,0.0,0.0
M,0.0,0.0,0.0,0.0
M,0.0,0.0,0.0,0.0
M,0.0,0.0,0.0,0.0
M,0.0,0.0,0.0,0.0
M,0.0,0.0,0.0,0.0
M,0.0,0.0,0.0,0.0
M,0.0,0.0,0.0,0.0
M,9.08701e-05,0.0,0.0,9.08701e-05
M,0.0,0.0,0.0,0.0
M,0.0,0.0,0.0,0.0
M,0.0,0.0,0.0,0.0
M,0.0729169,0.0,0.0,0.0729169
M,0.0557814,0.0,0.0,0.0557814
M,0.0,0.0,0.0,0.0
M,0.0,0.0,0.0,0.0
M,0.0,0.0,0.0,0.0
M,-0.0837741,0.0,0.0,-0.0837741
M,0.0,0.0,0.0,0.0
M,0.0,0.0,0.0,0.0
M,-0.0901513,0.0,0.0,-0.0901513
M,0.00109325,0.0,0.0,0.00109325
M,0.0,0.0,0.0,0.0
M,0.0,0.0,0.0,0.0
M,0.00960964,0.0,0.0,0.00960964
M,0.0,0.0,0.0,0.0
M,0.0,0.0,0.0,0.0
M,0.0,0.0,0.0,0.0
M,0.0,0.0,0.0,0.0
M,0.0,0.0,0.0,0.0
M,0.0,0.0,0.0,0.0
M,-0.00400908,0.0,0.0,-0.00400908
M,0.0,0.0,0.0,0.0
M,0.0,0.0,0.0,0.0
M,-0.0248896,0.0,0.0,-0.0248896
M,0.0,0.0,0.0,0.0
M,0.0,0.0,0.0,0.0
M,0.0,0.0,0.0,0.0
M,0.0,0.0,0.0,0.0
M,-0.0175307,0.0,0.0,-0.0175307
M,0.0,0.0,0.0,0.0
M,0.0,0.0,0.0,0.0
M,0.0,0.0,0.0,0.0
M,0.0512965,0.0,0.0,0.0512965
M,0.0,0.0,0.0,0.0
M,0.0228514,0.0,0.0,0.0228514
M,0.0,0.0,0.0,0.0
M,-0.0943689,0.0,0.0,-0.0943689
M,0.0,0.0,0.0,0.0
M,-0.0378527,0.0,0.0,-0.0378527
M,0.0,0.0,0.0,0.0
M,-0.0806653,0.0,0.0,-0.0806653
M,-0.0165986,0.0,0.0,-0.0165986
M,0.0,0.0,0.0,0.0
M,0.0,0.0,0.0,0.0
M,0.0,0.0,0.0,0.0
M,0.0,0.0,0.0,0.0
M,0.0,0.0,0.0,0.0
M,0.0,0.0,0.0,0.0
M,0.0,0.0,0.0,0.0
M,0.0,0.0,0.0,0.0
M,0.0,0.0,0.0,0.0
M,0.0,0.0,0.0,0.0
M,0.0,0.0,0.0,0.0
M,0.0,0.0,0.0,0.0
M,0.0,0.0,0.0,0.0
M,0.0,0.0,0.0,0.0
M,0.0,0.0,0.0,0.0
M,0.0,0.0,0.0,0.0
M,0.00667579,0.0,0.0,0.00667579
M,0.0052891,0.0,0.0,0.0052891
M,0.0,0.0,0.0,0.0
M,0.0,0.0,0.0,0.0
M,0.0,0.0,0.0,0.0
M,0.0,0.0,0.0,0.0
M,0.0443343,0.0,0.0,0.0443343
M,0.0,0.0,0.0,0.0
M,0.0,0.0,0.0,0.0
M,0.0,0.0,0.0,0.0
M,0.0,0.0,0.0,0.0
M,0.0,0.0,0.0,0.0
M,0.0,0.0,0.0,0.0
M,0.0,0.0,0.0,0.0
M,0.0,0.0,0.0,0.0
M,-0.132876,0.0,0.0,-0.132876
M,0.0523746,0.0,0.0,0.0523746
M,0.0671053,0.0,0.0,0.0671053
M,0.0,0.0,0.0,0.0
M,0.0,0.0,0.0,0.0
M,0.0,0.0,0.0,0.0
M,0.00757115,0.0,0.0,0.00757115
M,0.0173797,0.0,0.0,0.0173797
M,0.0,0.0,0.0,0.0
M,0.0,0.0,0.0,0.0
M,0.0,0.0,0.0,0.0
M,0.0,0.0,0.0,0.0
M,0.00146971,0.0,0.0,0.00146971
M,0.0,0.0,0.0,0.0
M,0.0,0.0,0.0,0.0
M,0.0,0.0,0.0,0.0
M,0.0,0.0,0.0,0.0
M,0.0,0.0,0.0,0.0
M,0.0326122,0.0,0.0,0.0326122
M,0.0,0.0,0.0,0.0
M,0.0,0.0,0.0,0.0
M,0.0,0.0,0.0,0.0
M,0.0,0.0,0.0,0.0
M,-0.0216012,0.0,0.0,-0.0216012
M,0.0,0.0,0.0,0.0
M,0.0,0.0,0.0,0.0
M,0.0,0.0,0.0,0.0
M,-0.000992736,0.0,0.0,-0.000992736
M,0.0,0.0,0.0,0.0
M,-0.0328743,0.0,0.0,-0.0328743
M,0.0,0.0,0.0,0.0
M,0.0,0.0,0.0,0.0
M,0.0,0.0,0.0,0.0
M,0.0,0.0,0.0,0.0
M,0.0,0.0,0.0,0.0
M,0.0,0.0,0.0,0.0
M,0.0,0.0,0.0,0.0
M,0.0,0.0,0.0,0.0
M,-0.0882287,0.0,0.0,-0.0882287
M,0.0,0.0,0.0,0.0
M,0.0,0.0,0.0,0.0
M,0.0,0.0,0.0,0.0
M,0.0,0.0,0.0,0.0
M,0.0,0.0,0.0,0.0
M,0.0,0.0,0.0,0.0
M,0.0,0.0,0.0,0.0
M,0.0,0.0,0.0,0.0
M,0.0,0.0,0.0,0.0
M,-0.0392037,0.0,0.0,-0.0392037
M,0.0,0.0,0.0,0.0
M,0.0,0.0,0.0,0.0
M,-0.0314132,0.0,0.0,-0.0314132
M,0.0,0.0,0.0,0.0
M,0.0,0.0,0.0,0.0
M,0.0,0.0,0.0,0.0
M,0.0439011,0.0,0.0,0.0439011
M,0.0,0.0,0.0,0.0
M,0.0,0.0,0.0,0.0
M,0.0,0.0,0.0,0.0
M,0.0,0.0,0.0,0.0
M,0.0,0.0,0.0,0.0
M,0.0,-0.0464586,-0.0464586,-0.0464586
M,0.0,0.0,0.0,0.0
M,0.0,0.0,0.0,0.0
M,0.0,0.0,0.0,0.0
M,0.0,0.0,0.0,0.0
M,0.0,0.0,0.0,0.0
M,0.0,0.0,0.0,0.0
M,0.0,0.0,0.0,0.0
M,-0.0240199,0.0,0.0,-0.0240199
M,0.0,0.0,0.0,0.0
M,0.0,0.0,0.0,0.0
M,0.0,0.0,0.0,0.0
M,0.0,0.0,0.0,0.0
M,0.0,0.0,0.0,0.0
M,0.0,0.0,0.0,0.0
M,0.0,0.0,0.0,0.0
M,0.0,0.0,0.0,0.0
M,0.0,0.0,0.0,0.0
M,0.0,0.0,0.0,0.0
M,0.0,0.0,0.0,0.0
M,0.0,0.0,0.0,0.0
M,-0.0141518,0.0,0.0,-0.0141518
M,0.0673963,0.0,0.0,0.0673963
M,0.0,0.0,0.0,0.0
M,0.0,0.0,0.0,0.0
M,0.0,0.0,0.0,0.0
M,0.0405348,0.0,0.0,0.0405348
M,0.0,0.0,0.0,0.0
M,0.0470411,0.0,0.0,0.0470411
M,0.0,0.0,0.0,0.0
M,0.0,0.0,0.0,0.0
M,0.0,0.0,0.0,0.0
M,0.0,0.0,0.0,0.0
M,0.0,0.0,0.0,0.0
M,0.0,0.0,0.0,0.0
M,0.0,0.0,0.0,0.0
M,0.0,0.0,0.0,0.0
M,0.0,0.0,0.0,0.0
M,0.0,0.0,0.0,0.0
M,-0.0107093,0.0,0.0,-0.0107093
M,0.0,0.0,0.0,0.0
M,0.0,0.0,0.0,0.0
M,0.0,0.0,0.0,0.0
M,-0.0812599,0.0,0.0,-0.0812599
M,0.0,0.0,0.0,0.0
M,0.0,0.0,0.0,0.0
M,0.0,0.0,0.0,0.0
M,0.0052891,0.0,0.0,0.0052891
M,0.0,0.0,0.0,0.0
M,0.0,0.0,0.0,0.0
M,0.0,0.0,0.0,0.0
M,0.0,0.0,0.0,0.0
M,0.0223496,0.0,0.0,0.0223496
M,0.0,0.0,0.0,0.0
M,0.0,0.0,0.0,0.0
M,0.0,0.0,0.0,0.0
M,0.0,0.0,0.0,0.0
M,0.0,0.0,0.0,0.0
M,0.0,0.0,0.0,0.0
M,0.0,0.0,0.0,0.0
M,0.0,0.0,0.0,0.0
M,0.0,0.0,0.0,0.0
M,0.0,0.0,0.0,0.0
M,0.0,0.0,0.0,0.0
M,0.0,0.0,0.0,0.0
M,0.0,0.0,0.0,0.0
M,0.0,0.0,0.0,0.0
M,0.0,0.0,0.0,0.0
M,0.0,0.0,0.0,0.0
M,0.0,0.0,0.0,0.0
M,0.0,0.0,0.0,0.0
M,0.0,0.0,0.0,0.0
M,0.0,0.0,0.0,0.0
M,0.0,0.0,0.0,0.0
M,0.0,0.0,0.0,0.0
M,0.0,0.0,0.0,0.0
M,0.0,0.0,0.0,0.0
M,0.0,0.0,0.0,0.0
M,0.0,0.0,0.0,0.0
M,0.0,0.0,0.0,0.0
M,0.0,0.0,0.0,0.0
M,-0.00307485,0.0,0.0,-0.00307485
M,0.0,0.0,0.0,0.0
M,0.0,0.0,0.0,0.0
M,0.0,0.0,0.0,0.0
M,0.112492,0.0,0.0,0.112492
M,0.0,0.0,0.0,0.0
M,0.000517474,0.0,0.0,0.000517474
M,0.0,0.0,0.0,0.0
M,0.0,0.0,0.0,0.0
M,0.0,0.0,0.0,0.0
M,0.0,0.0,0.0,0.0
M,0.0,0.0,0.0,0.0
M,0.0,0.0,0.0,0.0
M,0.0,0.0,0.0,0.0
M,0.0487283,0.0,0.0,0.0487283
M,0.0,0.0,0.0,0.0
M,0.0,0.0,0.0,0.0
M,0.0,0.0,0.0,0.0
M,0.0,0.0,0.0,0.0
M,0.0,0.0,0.0,0.0
M,0.0,0.0,0.0,0.0
M,0.0,0.0,0.0,0.0
M,0.0,0.0,0.0,0.0
M,0.0,0.0,0.0,0.0
M,0.0,0.0,0.0,0.0
M,0.0,0.0,0.0,0.0
M,0.0,0.0,0.0,0.0
M,0.0413495,0.0,0.0,0.0413495
M,-0.0456105,0.0,0.0,-0.0456105
M,0.0,0.0,0.0,0.0
M,0.0,0.0,0.0,0.0
M,0.0,0.0,0.0,0.0
M,0.0,0.0,0.0,0.0
M,0.0,0.0,0.0,0.0
M,0.0119454,0.0,0.0,0.0119454
M,0.0,0.0,0.0,0.0
M,0.0,0.0,0.0,0.0
M,0.0,0.0,0.0,0.0
M,0.0,0.0,0.0,0.0
M,0.0,0.0,0.0,0.0
M,0.0,0.0,0.0,0.0
M,0.0,0.0,0.0,0.0
M,0.0,0.0,0.0,0.0
M,0.0,0.0,0.0,0.0
M,0.0,0.0,0.0,0.0
M,-0.00681547,0.0,0.0,-0.00681547
M,0.0,0.0,0.0,0.0
M,0.0025033,0.0,0.0,0.0025033
M,-0.0502107,0.0,0.0,-0.0502107
M,0.0,0.0,0.0,0.0
M,0.0,0.0,0.0,0.0
M,0.0,0.0,0.0,0.0
M,-0.0431001,0.0,0.0,-0.0431001
M,-0.0482671,0.0,0.0,-0.0482671
M,0.0,0.0,0.0,0.0
M,0.0,0.0,0.0,0.0
M,0.0446531,0.0,0.0,0.0446531
M,0.0,0.0,0.0,0.0
M,0.0,0.0,0.0,0.0
M,0.0,0.0,0.0,0.0
M,0.0439011,0.0,0.0,0.0439011
M,0.0,0.0,0.0,0.0
M,0.0,0.0,0.0,0.0
M,0.0,0.0,0.0,0.0
M,-0.0292174,0.0,0.0,-0.0292174
M,0.00166604,0.0,0.0,0.00166604
M,0.0,0.0,0.0,0.0
M,0.0,0.0,0.0,0.0
M,0.0,0.0,0.0,0.0
M,0.0,0.0,0.0,0.0
M,0.0,0.0,0.0,0.0
M,0.0,0.0,0.0,0.0
M,0.0,0.0,0.0,0.0
M,0.0,0.0,0.0,0.0
M,0.0,0.0,0.0,0.0
M,-0.0483041,0.0,0.0,-0.0483041
M,0.0,0.0,0.0,0.0
M,0.0,0.0,0.0,0.0
M,0.0,0.0,0.0,0.0
M,0.105916,-0.140754,-0.140754,-0.0348384
M,0.0,0.0,0.0,0.0
M,0.0,0.0,0.0,0.0
M,0.103683,0.0,0.0,0.103683
M,-0.0677947,0.0,0.0,-0.0677947
M,0.0,0.0,0.0,0.0
M,0.0,0.0,0.0,0.0
M,0.0,0.0,0.0,0.0
M,-0.0756443,0.0,0.0,-0.0756443
M,0.0,0.0,0.0,0.0
M,0.0,0.0,0.0,0.0
M,0.0,0.0,0.0,0.0
M,0.0,0.0,0.0,0.0
M,0.0,0.0,0.0,0.0
M,0.0275527,0.0,0.0,0.0275527
M,0.0105766,0.0,0.0,0.0105766
M,0.0,0.0,0.0,0.0
M,0.0,0.0,0.0,0.0
M,0.0,0.0,0.0,0.0
M,0.0,0.0,0.0,0.0
M,0.0222004,0.0,0.0,0.0222004
M,0.0,0.0,0.0,0.0
M,0.0,0.0,0.0,0.0
M,0.0,0.0,0.0,0.0
M,0.0,0.0,0.0,0.0
M,0.0,0.0,0.0,0.0
M,0.0,0.0,0.0,0.0
M,0.0,0.0,0.0,0.0
M,0.0,0.0,0.0,0.0
M,0.0,0.0,0.0,0.0
M,0.0,0.0,0.0,0.0
M,0.0,0.0,0.0,0.0
M,0.0,0.0,0.0,0.0
M,0.0,0.0,0.0,0.0
M,0.0,0.0,0.0,0.0
M,0.0,0.0,0.0,0.0
M,0.0,0.0,0.0,0.0
M,0.0,0.0,0.0,0.0
M,0.0,0.0,0.0,0.0
M,0.0,0.0,0.0,0.0
M,0.0,0.0,0.0,0.0
M,0.0,0.0,0.0,0.0
M,0.0,0.0,0.0,0.0
M,0.0,0.0,0.0,0.0
M,0.0,0.0,0.0,0.0
M,-0.0152354,0.0,0.0,-0.0152354
M,0.0,0.0,0.0,0.0
M,0.103243,0.0,0.0,0.103243
M,0.0,0.0,0.0,0.0
M,0.0,0.0,0.0,0.0
M,0.0,0.0,0.0,0.0
M,0.0,0.0,0.0,0.0
M,0.0,0.0,0.0,0.0
M,-0.0367467,0.0,0.0,-0.0367467
M,-0.0143319,0.0,0.0,-0.0143319
M,0.0,0.0,0.0,0.0
M,0.0,0.0,0.0,0.0
M,0.0,-0.0334429,-0.0334429,-0.0334429
M,0.0,0.0,0.0,0.0
M,0.0,0.0,0.0,0.0
M,0.0,-0.0334429,-0.0334429,-0.0334429
M,0.0,0.0,0.0,0.0
M,-0.108023,0.0,0.0,-0.108023
M,-0.00261272,0.0,0.0,-0.00261272
M,0.0,0.0,0.0,0.0
M,0.0,0.0,0.0,0.0
M,0.0,0.0,0.0,0.0
M,-0.0752553,0.0,0.0,-0.0752553
M,0.0,0.0,0.0,0.0
M,0.0,0.0,0.0,0.0
M,0.0,0.0,0.0,0.0
M,0.0,0.0,0.0,0.0
M,0.0,0.0,0.0,0.0
M,0.0,0.0,0.0,0.0
M,0.0,0.0,0.0,0.0
M,0.0,0.0,0.0,0.0
M,-0.0456105,0.0,0.0,-0.0456105
M,0.0,0.0,0.0,0.0
M,0.0,0.0,0.0,0.0
M,0.0,0.0,0.0,0.0
M,0.0,0.0,0.0,0.0
M,0.0,0.0,0.0,0.0
M,0.0,0.0,0.0,0.0
M,0.104586,0.0,0.0,0.104586
M,0.0,0.0,0.0,0.0
M,-0.0837741,0.0,0.0,-0.0837741
M,0.0,0.0,0.0,0.0
M,0.0,0.0,0.0,0.0
M,0.0,0.0,0.0,0.0
M,0.0239076,0.0,0.0,0.0239076
M,0.0,0.0,0.0,0.0
M,0.0,0.0,0.0,0.0
M,0.0,0.0,0.0,0.0
M,-0.000316997,0.0,0.0,-0.000316997
M,0.0,0.0,0.0,0.0
M,0.0,0.0,0.0,0.0
M,0.0,0.0,0.0,0.0
M,0.0,0.0,0.0,0.0
M,-0.02528,0.0,0.0,-0.02528
M,0.0,0.0,0.0,0.0
M,-0.0453365,0.0,0.0,-0.0453365
M,0.0,0.0,0.0,0.0
M,0.0,0.0,0.0,0.0
M,0.0,0.0,0.0,0.0
M,0.0,0.0,0.0,0.0
M,0.0,0.0,0.0,0.0
M,0.0,0.0,0.0,0.0
M,0.0,0.0,0.0,0.0
M,0.0,0.0,0.0,0.0
M,-0.0456105,0.0,0.0,-0.0456105
M,-0.0124705,0.0,0.0,-0.0124705
M,0.0,0.0,0.0,0.0
M,0.0,0.0,0.0,0.0
M,0.0,0.0,0.0,0.0
M,0.0,0.0,0.0,0.0
M,0.0,0.0,0.0,0.0
M,0.0,0.0,0.0,0.0
M,0.0,0.0,0.0,0.0
M,0.0,0.0,0.0,0.0
M,0.0,0.0,0.0,0.0
M,-0.00601829,0.0,0.0,-0.00601829
M,0.0,0.0,0.0,0.0
M,-0.00149288,0.0,0.0,-0.00149288
M,0.0,0.0,0.0,0.0
M,0.0,0.0,0.0,0.0
M,0.0,0.0,0.0,0.0
M,0.0546083,0.0,0.0,0.0546083
M,0.112492,0.0,0.0,0.112492
M,0.0,0.0,0.0,0.0
M,0.0,0.0,0.0,0.0
M,0.0,0.0,0.0,0.0
M,0.0,0.0,0.0,0.0
M,0.0,0.0,0.0,0.0
M,0.0,0.0,0.0,0.0
M,0.0,0.0,0.0,0.0
M,0.0,0.0,0.0,0.0
M,0.0,0.0,0.0,0.0
M,0.0,0.0,0.0,0.0
M,0.0,0.0,0.0,0.0
M,0.0,0.0,0.0,0.0
M,0.0,0.0,0.0,0.0
M,0.0139427,0.0,0.0,0.0139427
M,0.0,0.0,0.0,0.0
M,0.00749242,0.0,0.0,0.00749242
M,-0.00681547,0.0,0.0,-0.00681547
M,0.0,0.0,0.0,0.0
M,0.0,0.0,0.0,0.0
M,0.0,0.0,0.0,0.0
M,0.0,0.0,0.0,0.0
M,-0.0283628,0.0,0.0,-0.0283628
M,0.0,0.0,0.0,0.0
M,0.0,0.0,0.0,0.0
M,0.0,0.0,0.0,0.0
M,0.0,0.0,0.0,0.0
M,0.070389,0.0,0.0,0.070389
M,0.0620315,0.0,0.0,0.0620315
M,0.0,0.0,0.0,0.0
M,0.0,0.0,0.0,0.0
M,0.0,0.0,0.0,0.0
M,-0.0705047,0.0,0.0,-0.0705047
M,0.0,0.0,0.0,0.0
M,0.0,0.0,0.0,0.0
M,0.0,0.0,0.0,0.0
M,0.0,0.0,0.0,0.0
M,0.0,0.0,0.0,0.0
M,0.0,0.0,0.0,0.0
M,0.0,0.0,0.0,0.0
M,-0.0431001,0.0,0.0,-0.0431001
M,0.0,0.0,0.0,0.0
M,0.0,0.0,0.0,0.0
M,0.0,0.0,0.0,0.0
M,-0.0359839,0.0,0.0,-0.0359839
M,0.0,0.0,0.0,0.0
M,0.0,0.0,0.0,0.0
M,0.0,0.0,0.0,0.0
M,0.0,0.0,0.0,0.0
M,0.0,0.0,0.0,0.0
M,0.0,0.0,0.0,0.0
M,0.0,0.0,0.0,0.0
M,0.0,0.0,0.0,0.0
M,0.0,0.0,0.0,0.0
M,0.0,0.0,0.0,0.0
M,0.0,0.0,0.0,0.0
M,0.0,0.0,0.0,0.0
M,0.0581078,0.0,0.0,0.0581078
M,0.0,0.0,0.0,0.0
M,0.0,0.0,0.0,0.0
M,0.0,0.0,0.0,0.0
M,0.0133938,0.0,0.0,0.0133938
M,0.0,0.0,0.0,0.0
M,0.0,0.0,0.0,0.0
M,0.0,0.0,0.0,0.0
M,0.0,0.0,0.0,0.0
M,0.0,0.0,0.0,0.0
M,0.0,0.0,0.0,0.0
M,0.0,0.0,0.0,0.0
M,0.0,0.0,0.0,0.0
M,0.0315327,0.0,0.0,0.0315327
M,0.0508352,0.0,0.0,0.0508352
M,0.0,0.0,0.0,0.0
M,0.0,0.0,0.0,0.0
M,0.0,0.0,0.0,0.0
M,0.0,0.0,0.0,0.0
M,0.0,0.0,0.0,0.0
M,0.0,0.0,0.0,0.0
M,0.0,0.0,0.0,0.0
M,0.0,0.0,0.0,0.0
M,0.0,0.0,0.0,0.0
M,0.0,0.0,0.0,0.0
M,0.0,0.0,0.0,0.0
M,0.0,0.0,0.0,0.0
M,0.0173797,0.0,0.0,0.0173797
M,0.0,0.0,0.0,0.0
M,0.0,0.0,0.0,0.0
M,0.0,0.0,0.0,0.0
M,0.0,0.0,0.0,0.0
M,0.0,0.0,0.0,0.0
M,0.0,0.0,0.0,0.0
M,0.0,0.0,0.0,0.0
M,0.0,0.0,0.0,0.0
M,0.0,0.0,0.0,0.0
M,0.0,0.0,0.0,0.0
M,-0.00681547,0.0,0.0,-0.00681547
M,0.0,0.0,0.0,0.0
M,0.0,0.0,0.0,0.0
M,0.0,0.0,0.0,0.0
M,0.0,0.0,0.0,0.0
M,0.0,0.0,0.0,0.0
M,0.0,0.0,0.0,0.0
M,0.0,0.0,0.0,0.0
M,0.0,0.0,0.0,0.0
M,0.0,0.0,0.0,0.0
M,0.0,0.0,0.0,0.0
M,0.0,0.0,0.0,0.0
M,0.0,0.0,0.0,0.0
M,0.0,0.0,0.0,0.0
M,0.0,0.0,0.0,0.0
M,0.0,0.0,0.0,0.0
M,-0.020834,0.0,0.0,-0.020834
M,0.0,0.0,0.0,0.0
M,0.0,0.0,0.0,0.0
M,0.0,0.0,0.0,0.0
M,0.0,0.0,0.0,0.0
M,0.0,0.0,0.0,0.0
M,0.0,0.0,0.0,0.0
M,0.0,0.0,0.0,0.0
M,0.0,0.0,0.0,0.0
M,0.0,0.0,0.0,0.0
M,0.0,0.0,0.0,0.0
M,-0.0439849,0.0,0.0,-0.0439849
M,0.0,0.0,0.0,0.0
M,0.0,0.0,0.0,0.0
M,0.0,0.0,0.0,0.0
M,0.0,0.0,0.0,0.0
M,0.0,0.0,0.0,0.0
M,0.0,0.0,0.0,0.0
M,0.0,0.0,0.0,0.0
M,0.0,0.0,0.0,0.0
M,0.0235992,0.0,0.0,0.0235992
M,-0.00338184,0.0,0.0,-0.00338184
M,0.0,0.0,0.0,0.0
M,-0.0165986,0.0,0.0,-0.0165986
M,0.0,0.0,0.0,0.0
M,0.0,0.0,0.0,0.0
M,0.0,0.0,0.0,0.0
M,-0.046806,0.041607,0.041607,-0.00519904
M,-0.0242173,0.0,0.0,-0.0242173
M,0.0,0.0,0.0,0.0
M,0.0,0.0,0.0,0.0
M,0.0,0.0,0.0,0.0
M,0.0,0.0,0.0,0.0
M,0.0,0.0,0.0,0.0
M,0.0,0.0,0.0,0.0
M,0.0920303,0.0,0.0,0.0920303
M,0.0,0.0,0.0,0.0
M,0.0,0.0,0.0,0.0
M,0.0,0.0,0.0,0.0
M,0.0,0.0,0.0,0.0
M,-0.0285244,0.0,0.0,-0.0285244
M,-0.00306961,0.0,0.0,-0.00306961
M,-0.0876566,0.0,0.0,-0.0876566
M,0.0,0.0,0.0,0.0
M,0.0,0.0,0.0,0.0
M,0.0,0.0,0.0,0.0
M,0.0,0.0,0.0,0.0
M,0.0,0.0,0.0,0.0
M,0.0,0.0,0.0,0.0
M,0.0,0.0,0.0,0.0
M,0.0,0.0,0.0,0.0
M,0.0198068,0.0,0.0,0.0198068
M,0.0,0.0,0.0,0.0
M,0.0,0.0,0.0,0.0
M,0.0,0.0,0.0,0.0
M,0.0199243,0.0,0.0,0.0199243
M,0.0,0.0,0.0,0.0
M,0.0,0.0,0.0,0.0
M,0.0,0.0,0.0,0.0
M,0.0,0.0,0.0,0.0
M,0.0228514,0.0,0.0,0.0228514
M,0.0,0.0,0.0,0.0
M,0.0,0.0,0.0,0.0
M,0.0,0.0,0.0,0.0
M,0.0,0.0,0.0,0.0
M,0.0,0.0,0.0,0.0
M,0.0,0.0,0.0,0.0
M,0.0,0.0,0.0,0.0
M,-0.0756443,0.0,0.0,-0.0756443
M,0.0,0.0,0.0,0.0
M,0.0057216,0.0,0.0,0.0057216
M,0.0,0.0,0.0,0.0
M,0.0,0.0,0.0,0.0
M,0.0,0.0,0.0,0.0
M,0.0,0.0,0.0,0.0
M,0.0,0.0,0.0,0.0
M,0.0,0.0,0.0,0.0
M,0.0,0.0,0.0,0.0
M,0.0,0.0,0.0,0.0
M,0.0,0.0,0.0,0.0
M,0.0,0.0,0.0,0.0
M,0.0,0.0,0.0,0.0
M,0.0,0.0,0.0,0.0
M,0.0256252,0.0,0.0,0.0256252
M,0.0,0.0,0.0,0.0
M,0.0,0.0,0.0,0.0
M,0.0,0.0,0.0,0.0
M,0.00819712,0.0,0.0,0.00819712
M,0.0,0.0,0.0,0.0
M,0.0,0.0,0.0,0.0
M,0.0223496,0.0,0.0,0.0223496
M,0.0,0.0,0.0,0.0
M,0.0,0.0,0.0,0.0
M,0.0,0.0,0.0,0.0
M,0.0,0.0,0.0,0.0
M,0.0,0.0,0.0,0.0
M,0.0,0.0,0.0,0.0
M,0.0,0.0,0.0,0.0
M,0.0,0.0,0.0,0.0
M,0.0,0.0,0.0,0.0
M,-0.0175695,0.0,0.0,-0.0175695
M,0.0,0.0,0.0,0.0
M,0.0,0.0,0.0,0.0
M,0.0,0.0,0.0,0.0
M,0.0,0.0,0.0,0.0
M,0.0,0.0,0.0,0.0
M,0.0,0.0,0.0,0.0
M,0.0,0.0,0.0,0.0
M,0.0,0.0,0.0,0.0
M,0.0,0.0,0.0,0.0
M,-0.00566499,0.0,0.0,-0.00566499
M,0.0,0.0,0.0,0.0
M,0.0,0.0,0.0,0.0
M,0.0,0.0,0.0,0.0
M,0.0,0.0,0.0,0.0
M,0.0,0.0,0.0,0.0
M,0.0,0.0,0.0,0.0
M,0.0,0.0,0.0,0.0
M,0.0,0.0,0.0,0.0
M,0.0,0.0,0.0,0.0
M,0.0,0.0,0.0,0.0
M,0.0,0.0,0.0,0.0
M,0.0,0.0,0.0,0.0
M,0.0,0.0,0.0,0.0
M,0.0,0.0,0.0,0.0
M,0.0,0.0,0.0,0.0
M,-0.0624178,0.0,0.0,-0.0624178
M,0.0,0.0,0.0,0.0
M,0.0,0.0,0.0,0.0
M,0.0,0.0,0.0,0.0
M,0.0,0.0,0.0,0.0
M,0.0,0.0,0.0,0.0
M,0.0,0.0,0.0,0.0
M,0.0,0.0,0.0,0.0
M,0.0,0.0,0.0,0.0
M,0.0,0.0,0.0,0.0
M,0.0,0.0,0.0,0.0
M,0.0,0.0,0.0,0.0
M,-0.0453365,0.0,0.0,-0.0453365
M,0.0,0.0,0.0,0.0
M,0.0,0.0,0.0,0.0
M,0.0,0.0,0.0,0.0
M,0.0,0.0,0.0,0.0
M,0.0,0.0,0.0,0.0
M,0.0,0.0,0.0,0.0
M,-0.0775392,0.0,0.0,-0.0775392
M,0.0,0.0,0.0,0.0
M,-0.0616702,0.0,0.0,-0.0616702
M,-0.0530723,0.0,0.0,-0.0530723
M,0.0,0.0,0.0,0.0
M,0.00800818,0.0,0.0,0.00800818
M,0.07712,0.0,0.0,0.07712
M,0.0,0.000642041,0.000642041,0.000642041
M,0.0,0.0,0.0,0.0
M,0.0,0.0,0.0,0.0
M,0.0,0.0,0.0,0.0
M,0.0,0.0,0.0,0.0
M,0.0,0.0,0.0,0.0
M,0.0,0.0,0.0,0.0
M,0.0,0.0,0.0,0.0
M,0.0,0.0,0.0,0.0
M,0.0,0.0,0.0,0.0
M,0.0,0.0,0.0,0.0
M,0.0,0.0,0.0,0.0
M,0.0,0.0,0.0,0.0
M,0.0,0.0,0.0,0.0
M,-0.032605,0.0,0.0,-0.032605
M,0.0,0.0,0.0,0.0
M,0.0,0.0,0.0,0.0
M,0.0,0.0,0.0,0.0
M,0.0,0.0,0.0,0.0
M,0.0,0.0,0.0,0.0
M,0.0,0.0,0.0,0.0
M,0.0,0.0,0.0,0.0
M,0.0,0.0,0.0,0.0
M,0.0,0.0,0.0,0.0
M,0.0,0.0,0.0,0.0
M,0.0,0.0,0.0,0.0
M,0.0,0.0,0.0,0.0
M,0.0,0.0,0.0,0.0
M,0.0,0.0,0.0,0.0
M,-0.0705047,0.0,0.0,-0.0705047
M,-0.0130324,0.0,0.0,-0.0130324
M,-0.0180155,0.0,0.0,-0.0180155
M,0.0,0.0,0.0,0.0
M,0.0,0.0,0.0,0.0
M,0.0512965,0.0,0.0,0.0512965
M,0.0,0.0,0.0,0.0
M,0.0,0.0,0.0,0.0
M,0.0,0.0,0.0,0.0
M,-0.0662617,0.0,0.0,-0.0662617
M,0.0,0.0,0.0,0.0
M,0.0,0.0,0.0,0.0
M,0.0,0.0,0.0,0.0
M,0.0,0.0,0.0,0.0
M,0.00981349,0.0,0.0,0.00981349
M,0.0,0.0,0.0,0.0
M,0.0,0.0,0.0,0.0
M,0.0,0.0,0.0,0.0
M,0.0,0.0,0.0,0.0
M,0.0644868,0.0,0.0,0.0644868
M,0.0,0.0,0.0,0.0
M,0.0,0.0,0.0,0.0
M,0.0,0.0,0.0,0.0
M,0.0,0.0,0.0,0.0
M,0.0499597,0.0,0.0,0.0499597
M,0.0,0.0,0.0,0.0
M,0.0,0.0,0.0,0.0
M,0.0,0.0,0.0,0.0
M,0.0,0.0,0.0,0.0
M,0.0403887,0.0,0.0,0.0403887
M,0.0,0.0,0.0,0.0
M,0.0,0.0,0.0,0.0
M,0.0,0.0,0.0,0.0
M,0.0,0.0,0.0,0.0
M,0.0,-0.0334429,-0.0334429,-0.0334429
M,0.0,0.0,0.0,0.0
M,0.0,0.0,0.0,0.0
M,0.0,0.0,0.0,0.0
M,0.00225299,0.0,0.0,0.00225299
M,0.0,0.0,0.0,0.0
M,0.0,0.0,0.0,0.0
M,0.0,0.0,0.0,0.0
M,0.0,0.0,0.0,0.0
M,0.0,0.0,0.0,0.0
M,0.0,0.0,0.0,0.0
M,0.0,0.0,0.0,0.0
M,0.0,0.0,0.0,0.0
M,0.0,0.0,0.0,0.0
M,0.0,0.0,0.0,0.0
M,0.0,0.0,0.0,0.0
M,0.0,0.0,0.0,0.0
M,-0.0207844,0.0,0.0,-0.0207844
M,-0.00400908,0.0,0.0,-0.00400908
M,0.0521586,0.0,0.0,0.0521586
M,0.0,0.0,0.0,0.0
M,-0.0743566,0.0,0.0,-0.0743566
M,0.0,0.0,0.0,0.0
M,0.0,0.0,0.0,0.0
M,0.0,0.0,0.0,0.0
M,0.0,0.0,0.0,0.0
M,0.0,0.0,0.0,0.0
M,0.0113966,0.0,0.0,0.0113966
M,0.0,0.0,0.0,0.0
M,0.0,0.0,0.0,0.0
M,-0.0794669,0.0,0.0,-0.0794669
M,0.0,0.0,0.0,0.0
M,0.0,0.0,0.0,0.0
M,0.0,0.0,0.0,0.0
M,0.0,0.0,0.0,0.0
M,0.0,0.0,0.0,0.0
M,0.0,0.0,0.0,0.0
M,0.0,0.0,0.0,0.0
M,0.0,0.0,0.0,0.0
M,0.0,0.0,0.0,0.0
M,0.0,0.0,0.0,0.0
M,0.0,0.0,0.0,0.0
M,0.0,0.0,0.0,0.0
M,-0.0407486,0.0,0.0,-0.0407486
M,0.0,0.0,0.0,0.0
M,0.0,0.0,0.0,0.0
M,-0.0283628,0.0,0.0,-0.0283628
M,0.0,0.0,0.0,0.0
M,0.0,0.0,0.0,0.0
M,0.0,0.0,0.0,0.0
M,0.112492,0.0,0.0,0.112492
M,0.0,0.0,0.0,0.0
M,0.0,0.0,0.0,0.0
M,0.0,0.0,0.0,0.0
M,0.0,0.0,0.0,0.0
M,0.0,0.0,0.0,0.0
M,0.0,0.0,0.0,0.0
M,0.0,0.0,0.0,0.0
M,0.0,0.0,0.0,0.0
M,0.0,0.0,0.0,0.0
M,0.0,0.0,0.0,0.0
M,0.0,0.0,0.0,0.0
M,0.0,0.0,0.0,0.0
M,0.0,0.0,0.0,0.0
M,-0.0388806,0.0,0.0,-0.0388806
M,0.0,0.0,0.0,0.0
M,0.0,0.0,0.0,0.0
M,0.0,0.0,0.0,0.0
M,-0.0689805,0.0,0.0,-0.0689805
M,0.0,0.0,0.0,0.0
M,0.0,0.0,0.0,0.0
M,-0.00307485,0.0,0.0,-0.00307485
M,0.0,0.0,0.0,0.0
M,-0.0364625,0.0,0.0,-0.0364625
M,0.0,0.0,0.0,0.0
M,0.0,0.0,0.0,0.0
M,0.0,0.0,0.0,0.0
M,0.0,0.0,0.0,0.0
M,0.0,0.0,0.0,0.0
M,0.0229808,0.0,0.0,0.0229808
M,0.0,0.0,0.0,0.0
M,0.00667579,0.0,0.0,0.00667579
M,0.0,0.0,0.0,0.0
M,0.0,0.0,0.0,0.0
M,0.0,0.0,0.0,0.0
M,-0.0931857,0.0,0.0,-0.0931857
M,0.0,0.0,0.0,0.0
M,0.0,0.0,0.0,0.0
M,0.0,0.0,0.0,0.0
M,0.0,0.0,0.0,0.0
M,0.0,0.0,0.0,0.0
M,0.0,0.0,0.0,0.0
M,0.0,0.0,0.0,0.0
M,0.0,-0.0334429,-0.0334429,-0.0334429
M,0.0,0.0,0.0,0.0
M,0.0,0.0,0.0,0.0
M,0.0,0.0,0.0,0.0
M,0.0159125,0.0,0.0,0.0159125
M,0.0,0.0,0.0,0.0
M,0.0,0.0,0.0,0.0
M,0.0,0.0,0.0,0.0
M,0.0,0.0,0.0,0.0
M,0.0,0.0,0.0,0.0
M,0.0,0.0,0.0,0.0
M,-0.0378527,0.0,0.0,-0.0378527
M,0.0,0.0,0.0,0.0
M,0.0,0.0,0.0,0.0
M,0.0,0.0,0.0,0.0
M,0.0208458,0.0,0.0,0.0208458
M,0.0,0.0,0.0,0.0
M,0.0,0.0,0.0,0.0
M,0.0,0.0,0.0,0.0
M,0.0,0.0,0.0,0.0
M,0.0,0.0,0.0,0.0
M,0.0,0.0,0.0,0.0
M,0.0,0.0,0.0,0.0
M,0.0,0.0,0.0,0.0
M,0.0,0.0,0.0,0.0
M,0.0,0.0,0.0,0.0
M,0.0,0.0,0.0,0.0
M,0.0,0.0,0.0,0.0
M,0.0,0.0,0.0,0.0
M,0.0,0.0,0.0,0.0
M,0.0,0.0,0.0,0.0
M,-0.0388806,0.0,0.0,-0.0388806
M,-0.0847823,0.0,0.0,-0.0847823
M,0.0,0.0,0.0,0.0
M,0.0,0.0,0.0,0.0
M,0.0824256,0.0,0.0,0.0824256
M,0.0,0.0,0.0,0.0
M,0.0,0.0,0.0,0.0
M,0.0,0.0,0.0,0.0
M,0.0,0.0,0.0,0.0
M,0.0105053,0.0,0.0,0.0105053
M,0.0,0.0,0.0,0.0
M,0.0,0.0,0.0,0.0
M,-0.0374592,0.0,0.0,-0.0374592
M,0.0,0.0,0.0,0.0
M,0.0,0.0,0.0,0.0
M,0.0180962,0.0,0.0,0.0180962
M,0.0,0.0,0.0,0.0
M,0.0,-0.140754,-0.140754,-0.140754
M,0.0,0.0,0.0,0.0
M,0.0,0.0,0.0,0.0
M,0.0,0.0,0.0,0.0
M,-0.0405432,0.0,0.0,-0.0405432
M,0.0,0.0,0.0,0.0
M,-0.0399065,0.0,0.0,-0.0399065
M,0.0,0.0,0.0,0.0
M,-0.0744648,0.0,0.0,-0.0744648
M,0.0,0.0,0.0,0.0
M,0.0,0.0,0.0,0.0
M,0.0,0.0,0.0,0.0
M,-0.00552745,0.0,0.0,-0.00552745
M,0.0,0.0,0.0,0.0
M,0.0,0.0,0.0,0.0
M,0.0340436,0.0,0.0,0.0340436
M,0.0,0.0,0.0,0.0
M,0.0170745,0.0,0.0,0.0170745
M,0.0,0.0,0.0,0.0
M,0.0,0.0,0.0,0.0
M,0.0,0.0,0.0,0.0
M,0.0,0.0,0.0,0.0
M,0.0,0.0,0.0,0.0
M,0.0,0.0,0.0,0.0
M,0.0,0.0,0.0,0.0
M,0.0,0.0,0.0,0.0
M,0.0,0.0,0.0,0.0
M,0.112492,0.0,0.0,0.112492
M,0.0279678,0.0,0.0,0.0279678
M,0.0,0.0,0.0,0.0
M,0.0,0.0,0.0,0.0
M,0.0,0.0,0.0,0.0
M,0.0,0.0,0.0,0.0
M,0.0,0.0,0.0,0.0
M,0.0,0.0,0.0,0.0
M,0.0,0.0,0.0,0.0
M,0.0,0.0,0.0,0.0
M,0.0,0.0,0.0,0.0
M,0.0,0.0,0.0,0.0
M,0.0315359,0.0,0.0,0.0315359
M,0.0,0.0,0.0,0.0
M,0.0,0.0,0.0,0.0
M,0.0,0.0,0.0,0.0
M,0.0,0.0,0.0,0.0
M,0.0,0.0,0.0,0.0
M,0.0,0.0,0.0,0.0
M,0.0,0.0,0.0,0.0
M,0.0,0.0,0.0,0.0
M,0.0,0.0,0.0,0.0
M,0.0,0.0,0.0,0.0
M,0.0,0.0,0.0,0.0
M,0.0,0.0,0.0,0.0
M,0.0,0.0,0.0,0.0
M,0.0,0.0,0.0,0.0
M,0.0,0.0,0.0,0.0
M,0.0,0.0,0.0,0.0
M,0.0,0.0,0.0,0.0
M,-0.0399065,0.0,0.0,-0.0399065
M,0.0,0.0,0.0,0.0
M,-0.00963797,0.0,0.0,-0.00963797
M,0.0,0.0,0.0,0.0
M,0.0532529,0.0,0.0,0.0532529
M,0.0,0.0,0.0,0.0
M,0.0769586,0.0,0.0,0.0769586
M,0.0,0.0,0.0,0.0
M,0.0,0.0,0.0,0.0
M,0.0,0.0,0.0,0.0
M,0.0,0.0,0.0,0.0
M,0.0,0.0,0.0,0.0
M,0.0,0.0,0.0,0.0
M,0.0588201,0.0,0.0,0.0588201
M,0.0,0.0,0.0,0.0
M,0.0,0.0,0.0,0.0
M,0.0,0.0,0.0,0.0
M,0.0,0.0,0.0,0.0
M,0.0199243,0.0,0.0,0.0199243
M,0.0800115,0.0,0.0,0.0800115
M,0.0,0.0,0.0,0.0
M,0.0,0.0,0.0,0.0
M,-0.0167912,0.0,0.0,-0.0167912
M,-0.0367539,0.0,0.0,-0.0367539
M,0.0,0.0,0.0,0.0
M,0.0,0.0,0.0,0.0
M,0.0,0.0,0.0,0.0
M,0.0,0.0,0.0,0.0
M,0.0,0.0,0.0,0.0
M,0.0,0.0,0.0,0.0
M,0.0,0.0,0.0,0.0
M,0.0,0.0,0.0,0.0
M,-0.0216012,0.0,0.0,-0.0216012
M,0.0,0.0,0.0,0.0
M,0.0,0.0,0.0,0.0
M,0.0,0.0,0.0,0.0
M,0.0,0.0,0.0,0.0
M,0.0,0.07585,0.07585,0.07585
M,0.0204798,0.0,0.0,0.0204798
M,0.0,0.0,0.0,0.0
M,-0.10959,0.0,0.0,-0.10959
M,0.0,0.0,0.0,0.0
M,0.0,-0.0334429,-0.0334429,-0.0334429
M,0.0,0.0,0.0,0.0
M,0.0,0.0,0.0,0.0
M,0.0,0.0,0.0,0.0
M,0.0,0.0,0.0,0.0
M,0.0,0.0,0.0,0.0
M,0.0,0.0,0.0,0.0
M,0.0,0.0,0.0,0.0
M,0.0,0.0,0.0,0.0
M,0.0,0.0,0.0,0.0
M,0.0,0.0,0.0,0.0
M,0.0,0.0,0.0,0.0
M,0.0,0.0,0.0,0.0
M,0.0,0.0,0.0,0.0
M,0.0,0.0,0.0,0.0
M,0.0,0.0,0.0,0.0
M,0.0,0.0,0.0,0.0
M,-0.00158749,0.0,0.0,-0.00158749
M,-0.0453365,0.0,0.0,-0.0453365
M,0.0,0.0,0.0,0.0
M,0.0,0.0,0.0,0.0
M,0.0,0.0,0.0,0.0
M,0.0217664,0.0,0.0,0.0217664
M,0.0,0.0,0.0,0.0
M,0.0,0.0,0.0,0.0
M,0.0,0.0,0.0,0.0
M,0.0,0.0,0.0,0.0
M,0.0,0.0,0.0,0.0
M,0.0,0.0,0.0,0.0
M,-0.00681547,0.0,0.0,-0.00681547
M,0.0,0.0,0.0,0.0
M,0.0,0.0,0.0,0.0
M,0.0,0.0,0.0,0.0
M,0.0,0.0,0.0,0.0
M,0.0,0.0,0.0,0.0
M,0.0,0.0,0.0,0.0
M,-0.00749423,0.0,0.0,-0.00749423
M,0.0,0.0,0.0,0.0
M,0.0,0.0,0.0,0.0
M,0.0,0.0,0.0,0.0
M,0.0,0.0,0.0,0.0
M,0.0,0.0,0.0,0.0
M,0.0,0.0,0.0,0.0
M,0.0406193,0.0,0.0,0.0406193
M,0.0,0.0,0.0,0.0
M,0.0,0.0,0.0,0.0
M,0.0,0.0,0.0,0.0
M,0.112492,0.0,0.0,0.112492
M,0.0,0.0,0.0,0.0
M,0.0,0.0,0.0,0.0
M,0.0,0.0,0.0,0.0
M,0.0,0.0,0.0,0.0
M,0.0,0.0,0.0,0.0
M,0.0,0.0,0.0,0.0
M,-0.0457605,0.0,0.0,-0.0457605
M,0.0,0.0,0.0,0.0
M,0.0,0.0,0.0,0.0
M,0.0,0.0,0.0,0.0
M,0.0,0.0,0.0,0.0
M,0.0,0.0,0.0,0.0
M,0.0,0.0,0.0,0.0
M,0.0,0.0,0.0,0.0
M,0.0,0.0,0.0,0.0
M,0.0,0.0,0.0,0.0
M,0.0,0.0,0.0,0.0
M,0.0,0.0,0.0,0.0
M,0.0,0.0,0.0,0.0
M,0.0,0.0,0.0,0.0
M,0.0,0.0,0.0,0.0
M,0.0,0.0,0.0,0.0
M,0.0,0.0,0.0,0.0
M,0.0,0.0,0.0,0.0
M,0.0,0.0,0.0,0.0
M,0.0,0.0,0.0,0.0
M,-0.00805938,0.0,0.0,-0.00805938
M,0.0,0.0,0.0,0.0
M,0.0395551,0.0,0.0,0.0395551
M,0.0,0.0,0.0,0.0
M,0.0,0.0,0.0,0.0
M,0.0,0.0,0.0,0.0
M,0.0,0.0,0.0,0.0
M,0.0,0.0,0.0,0.0
M,0.0,0.0,0.0,0.0
M,0.0,0.0,0.0,0.0
M,0.0178773,-0.0357328,-0.0357328,-0.0178555
M,0.0,0.0,0.0,0.0
M,0.0,0.0,0.0,0.0
M,0.0,0.0,0.0,0.0
M,0.0,0.0,0.0,0.0
M,0.0264128,0.0,0.0,0.0264128
M,0.0,0.0,0.0,0.0
M,0.0,0.0,0.0,0.0
M,0.0,0.0,0.0,0.0
M,0.112492,0.0,0.0,0.112492
M,-0.0774735,0.0,0.0,-0.0774735
M,0.0,0.0,0.0,0.0
M,0.0,0.0,0.0,0.0
M,0.0,0.0,0.0,0.0
M,0.0,0.0,0.0,0.0
M,0.0,0.0,0.0,0.0
M,0.112492,0.0,0.0,0.112492
M,0.0,0.0,0.0,0.0
M,0.0,0.0,0.0,0.0
M,0.0,0.0,0.0,0.0
M,0.0,0.0,0.0,0.0
M,0.0,0.0,0.0,0.0
M,0.0,0.0,0.0,0.0
M,0.0,0.0,0.0,0.0
M,0.0,0.0,0.0,0.0
M,0.0,0.0,0.0,0.0
M,0.0,0.0,0.0,0.0
M,0.0,0.0,0.0,0.0
M,0.0,0.0,0.0,0.0
M,0.0,0.0,0.0,0.0
M,0.0241589,0.0,0.0,0.0241589
M,0.211264,0.0,0.0,0.211264
M,0.0,0.0,0.0,0.0
M,0.0,0.0,0.0,0.0
M,0.0,0.0,0.0,0.0
M,0.0,0.0,0.0,0.0
M,0.0,0.0,0.0,0.0
M,0.0,0.0,0.0,0.0
M,0.0,0.0,0.0,0.0
M,0.0,0.0,0.0,0.0
M,9.08701e-05,0.0,0.0,9.08701e-05
M,0.0,0.0,0.0,0.0
M,0.0,0.0,0.0,0.0
M,0.0,0.0,0.0,0.0
M,0.0,0.0,0.0,0.0
M,0.0,0.0,0.0,0.0
M,-0.0241141,0.0,0.0,-0.0241141
M,-0.0740798,-0.0334429,-0.0334429,-0.107523
M,0.0,0.0,0.0,0.0
M,0.0,0.0,0.0,0.0
M,0.0,0.0,0.0,0.0
M,0.0729169,0.0,0.0,0.0729169
M,0.0,0.0,0.0,0.0
M,0.0,0.0,0.0,0.0
M,0.0,0.0,0.0,0.0
M,-0.00765768,0.0,0.0,-0.00765768
M,0.0,0.0,0.0,0.0
M,0.0,0.0,0.0,0.0
M,0.0,0.0,0.0,0.0
M,0.0,0.0,0.0,0.0
M,0.0057216,0.0,0.0,0.0057216
M,0.0,0.0,0.0,0.0
M,0.0,0.0,0.0,0.0
M,0.0,0.0,0.0,0.0
M,0.00667579,0.0,0.0,0.00667579
M,0.00757115,0.0,0.0,0.00757115
M,0.0133323,0.0,0.0,0.0133323
M,0.0,0.0,0.0,0.0
M,0.0,0.0,0.0,0.0
M,0.0,0.0,0.0,0.0
M,0.0,0.0,0.0,0.0
M,0.0,0.0,0.0,0.0
M,0.0,0.0,0.0,0.0
M,0.0,0.0,0.0,0.0
M,-0.00716796,0.0,0.0,-0.00716796
M,-0.0388806,0.0,0.0,-0.0388806
M,0.0,0.0,0.0,0.0
M,0.0,0.0,0.0,0.0
M,0.0,0.0,0.0,0.0
M,0.0,0.0,0.0,0.0
M,0.0,0.0,0.0,0.0
M,0.0,0.0,0.0,0.0
M,0.0,0.0,0.0,0.0
M,0.0,0.0,0.0,0.0
M,0.0,0.0,0.0,0.0
M,0.0,0.0,0.0,0.0
M,0.0,0.0,0.0,0.0
M,0.0,0.0,0.0,0.0
M,0.0,0.0,0.0,0.0
M,-0.0399065,0.0,0.0,-0.0399065
M,0.0,0.0,0.0,0.0
M,0.0,0.0,0.0,0.0
M,0.0,0.0,0.0,0.0
M,0.0,0.0,0.0,0.0
M,0.0,0.0,0.0,0.0
M,-0.0317647,0.0,0.0,-0.0317647
M,0.0,0.0,0.0,0.0
M,0.0,0.0,0.0,0.0
M,0.0,0.0,0.0,0.0
M,0.0,0.0,0.0,0.0
M,0.0,0.0,0.0,0.0
M,0.0,0.0,0.0,0.0
M,0.0,0.0,0.0,0.0
M,-0.0358996,0.0,0.0,-0.0358996
M,0.0,0.0,0.0,0.0
M,0.0,0.0,0.0,0.0
M,0.0,0.0,0.0,0.0
M,0.0,0.0,0.0,0.0
M,0.0,0.0,0.0,0.0
M,0.0,-0.0151854,-0.0151854,-0.0151854
M,0.0,0.0,0.0,0.0
M,0.0,0.0,0.0,0.0
M,0.0,0.0,0.0,0.0
M,0.0,0.0,0.0,0.0
M,0.0,0.0,0.0,0.0
M,0.0,0.0,0.0,0.0
M,0.0,0.0,0.0,0.0
M,0.0,0.0,0.0,0.0
M,0.0,0.0,0.0,0.0
M,0.0,0.0,0.0,0.0
M,0.0,0.0,0.0,0.0
M,0.0,0.0,0.0,0.0
M,0.0,0.0,0.0,0.0
M,0.0,0.0,0.0,0.0
M,-0.0448624,0.0,0.0,-0.0448624
M,0.0,0.0,0.0,0.0
M,0.0,0.0,0.0,0.0
M,0.0,0.0,0.0,0.0
M,-0.0143319,0.0,0.0,-0.0143319
M,0.0,0.0,0.0,0.0
M,0.0,0.0,0.0,0.0
M,0.0,0.0,0.0,0.0
M,0.0,0.0,0.0,0.0
M,0.0,0.0,0.0,0.0
M,0.0,0.0,0.0,0.0
M,0.0,0.0,0.0,0.0
M,0.0,0.0,0.0,0.0
M,0.00714336,0.0,0.0,0.00714336
M,0.0,0.0,0.0,0.0
M,0.0,0.0,0.0,0.0
M,0.0,0.0,0.0,0.0
M,0.0,0.0,0.0,0.0
M,-0.0764576,0.0,0.0,-0.0764576
M,-0.0881736,0.0,0.0,-0.0881736
M,-0.0099346,0.0,0.0,-0.0099346
M,0.0,0.0,0.0,0.0
M,0.0,0.0,0.0,0.0
M,0.0,0.0,0.0,0.0
M,0.0,0.0,0.0,0.0
M,0.0,0.0,0.0,0.0
M,0.0,0.0,0.0,0.0
M,0.0,0.0,0.0,0.0
M,0.0,0.0,0.0,0.0
M,0.0,0.0,0.0,0.0
M,-0.0242173,0.0,0.0,-0.0242173
M,0.0,0.0,0.0,0.0
M,0.0,0.0,0.0,0.0
M,-0.0216012,0.0,0.0,-0.0216012
M,0.0,0.0,0.0,0.0
M,-0.0677947,0.0,0.0,-0.0677947
M,0.0,0.0,0.0,0.0
M,0.0,0.0,0.0,0.0
M,0.0,0.0,0.0,0.0
M,0.0,0.0,0.0,0.0
M,0.0,0.0,0.0,0.0
M,0.0,0.0,0.0,0.0
M,0.0,0.0,0.0,0.0
M,0.0,0.0,0.0,0.0
M,0.0,0.0,0.0,0.0
M,0.0,0.0,0.0,0.0
M,0.0,0.0,0.0,0.0
M,0.0,0.0,0.0,0.0
M,-0.0609968,0.0,0.0,-0.0609968
M,0.0,0.0,0.0,0.0
M,0.0,0.0,0.0,0.0
M,0.0,0.0,0.0,0.0
M,0.0,0.0,0.0,0.0
M,0.0,0.0,0.0,0.0
M,-0.131484,0.0,0.0,-0.131484
M,0.0,0.0,0.0,0.0
M,0.0,0.0,0.0,0.0
M,0.0,0.0,0.0,0.0
M,-0.0791329,0.0,0.0,-0.0791329
M,0.0,0.0,0.0,0.0
M,0.0,0.0,0.0,0.0
M,0.0,0.0,0.0,0.0
M,-0.0705047,0.0,0.0,-0.0705047
M,0.0,0.0,0.0,0.0
M,0.0,0.0,0.0,0.0
M,0.0,0.0,0.0,0.0
M,0.0,0.0,0.0,0.0
M,0.0,0.0,0.0,0.0
M,0.0,-0.0212049,-0.0212049,-0.0212049
M,0.066922,0.0,0.0,0.066922
M,0.0,0.0,0.0,0.0
M,0.0,0.0,0.0,0.0
M,-0.035249,0.0,0.0,-0.035249
M,0.0,0.0,0.0,0.0
M,0.0,0.0,0.0,0.0
M,0.0,0.0,0.0,0.0
M,0.0,0.0,0.0,0.0
M,-0.0449498,0.0,0.0,-0.0449498
M,0.0,0.0,0.0,0.0
M,0.0,0.0,0.0,0.0
M,0.0,0.0,0.0,0.0
M,-0.0756443,0.0,0.0,-0.0756443
M,0.0,0.0,0.0,0.0
M,0.066922,0.0,0.0,0.066922
M,0.0,0.0,0.0,0.0
M,0.0,0.0,0.0,0.0
M,0.0,0.0,0.0,0.0
M,-0.0099346,0.0,0.0,-0.0099346
M,0.0,0.0,0.0,0.0
M,0.0,0.0,0.0,0.0
M,0.0,0.0,0.0,0.0
M,0.0,0.0,0.0,0.0
M,0.0,0.0,0.0,0.0
M,-0.00983347,0.0,0.0,-0.00983347
M,0.0,-0.0334429,-0.0334429,-0.0334429
M,0.0,0.0,0.0,0.0
M,0.0,0.0,0.0,0.0
M,0.0,0.0,0.0,0.0
M,0.0,0.0,0.0,0.0
M,-0.0180155,0.0,0.0,-0.0180155
M,0.0,0.000642041,0.000642041,0.000642041
M,0.0,0.0,0.0,0.0
M,0.0,0.0,0.0,0.0
M,0.0,0.0,0.0,0.0
M,0.0,0.0,0.0,0.0
M,0.0,0.0,0.0,0.0
M,0.0,0.0,0.0,0.0
M,0.0,0.0,0.0,0.0
M,0.0347209,0.0,0.0,0.0347209
M,0.0,0.0,0.0,0.0
M,0.0,0.0,0.0,0.0
M,0.0,0.0,0.0,0.0
M,0.0,0.0,0.0,0.0
M,0.0,0.0,0.0,0.0
M,0.0,0.0,0.0,0.0
M,0.0,0.0,0.0,0.0
M,0.0,0.0,0.0,0.0
M,-0.0146701,0.0,0.0,-0.0146701
M,-0.0756443,0.0,0.0,-0.0756443
M,0.0,0.0,0.0,0.0
M,0.0,0.0,0.0,0.0
M,0.0,0.0,0.0,0.0
M,0.0,0.0,0.0,0.0
M,0.0,0.0,0.0,0.0
M,0.0,0.0,0.0,0.0
M,0.0,0.0,0.0,0.0
M,-0.05463,0.0,0.0,-0.05463
M,0.0,0.0,0.0,0.0
M,0.0,0.0,0.0,0.0
M,0.0,0.0,0.0,0.0
M,0.0627701,0.0,0.0,0.0627701
M,0.0,0.0,0.0,0.0
M,0.0,0.0,0.0,0.0
M,0.0,0.0,0.0,0.0
M,0.0,0.0,0.0,0.0
M,0.0235964,0.0,0.0,0.0235964
M,0.0,0.0,0.0,0.0
M,0.0,0.0,0.0,0.0
M,0.0,0.0,0.0,0.0
M,0.0,0.0,0.0,0.0
M,0.0,0.0,0.0,0.0
M,0.0,0.0,0.0,0.0
M,0.0,0.0,0.0,0.0
M,0.0439011,0.0,0.0,0.0439011
M,0.0,0.0,0.0,0.0
M,0.0671053,0.0,0.0,0.0671053
M,0.0,0.0,0.0,0.0
M,0.0,0.0,0.0,0.0
M,0.0,0.0,0.0,0.0
M,0.0,0.0,0.0,0.0
M,0.0,0.0,0.0,0.0
M,0.0,0.0,0.0,0.0
M,0.0,0.0,0.0,0.0
M,0.0,0.0,0.0,0.0
M,0.0,0.0,0.0,0.0
M,0.0,0.0,0.0,0.0
M,0.0,0.0,0.0,0.0
M,0.0,0.0,0.0,0.0
M,0.0,0.0,0.0,0.0
M,0.0,0.0,0.0,0.0
M,-0.00338184,0.0,0.0,-0.00338184
M,0.0279678,0.0,0.0,0.0279678
M,0.0,0.0,0.0,0.0
M,0.0,0.0,0.0,0.0
M,0.0,0.0,0.0,0.0
M,0.0,0.0,0.0,0.0
M,0.0,0.0,0.0,0.0
M,0.0,0.0,0.0,0.0
M,0.0,0.0,0.0,0.0
M,0.0,0.0,0.0,0.0
M,0.0,0.0,0.0,0.0
M,0.0,0.0,0.0,0.0
M,0.0,0.0,0.0,0.0
M,-0.0393244,0.0,0.0,-0.0393244
M,0.0,0.0,0.0,0.0
M,0.0,0.0,0.0,0.0
M,-0.0283628,0.0,0.0,-0.0283628
M,0.0,0.0,0.0,0.0
M,0.0,0.0,0.0,0.0
M,0.16053,0.0,0.0,0.16053
M,0.0,0.0,0.0,0.0
M,0.0223496,0.0,0.0,0.0223496
M,0.0,0.0,0.0,0.0
M,0.0,0.0,0.0,0.0
M,0.0,0.0,0.0,0.0
M,0.017947,0.0,0.0,0.017947
M,0.0,0.0,0.0,0.0
M,0.0,0.0,0.0,0.0
M,0.0,0.0,0.0,0.0
M,0.0,0.0,0.0,0.0
M,0.0,0.0,0.0,0.0
M,0.0,0.0,0.0,0.0
M,0.0,0.0,0.0,0.0
M,0.0,0.0,0.0,0.0
M,0.0,0.0,0.0,0.0
M,0.0,0.0,0.0,0.0
M,0.0,0.0,0.0,0.0
M,0.0,0.0,0.0,0.0
M,-0.0456105,0.0,0.0,-0.0456105
M,0.017942,0.0,0.0,0.017942
M,0.0,0.0,0.0,0.0
M,0.0,0.0,0.0,0.0
M,0.0,0.0,0.0,0.0
M,0.00682482,0.0,0.0,0.00682482
M,0.0,0.0,0.0,0.0
M,0.0,0.0,0.0,0.0
M,0.0,0.0,0.0,0.0
M,0.0,0.0,0.0,0.0
M,0.0,0.0,0.0,0.0
M,0.0,0.0,0.0,0.0
M,0.0,0.0,0.0,0.0
M,0.00725508,0.0,0.0,0.00725508
M,0.0402019,0.0,0.0,0.0402019
M,0.0,0.0,0.0,0.0
M,0.0,0.0,0.0,0.0
M,0.0,0.0,0.0,0.0
M,0.0,0.0,0.0,0.0
M,0.0,0.0,0.0,0.0
M,-0.0126531,0.0,0.0,-0.0126531
M,0.0,0.0,0.0,0.0
M,0.0,0.0,0.0,0.0
M,0.0,0.0,0.0,0.0
M,0.0,0.0,0.0,0.0
M,-0.0155841,0.0,0.0,-0.0155841
M,0.0,0.0,0.0,0.0
M,0.097849,0.0,0.0,0.097849
M,0.0,0.0,0.0,0.0
M,0.0,0.0,0.0,0.0
M,0.0,0.0,0.0,0.0
M,0.0,0.0,0.0,0.0
M,0.0,0.0,0.0,0.0
M,0.0,0.0,0.0,0.0
M,0.0,0.0,0.0,0.0
M,0.0,0.0,0.0,0.0
M,0.0,0.0,0.0,0.0
M,0.0,0.0,0.0,0.0
M,0.0,0.0,0.0,0.0
M,0.0,0.0,0.0,0.0
M,0.0,0.0,0.0,0.0
M,0.0,0.0,0.0,0.0
M,0.0,0.0,0.0,0.0
M,0.0,0.0,0.0,0.0
M,0.0685748,0.0,0.0,0.0685748
M,0.0,0.0,0.0,0.0
M,0.0,0.0,0.0,0.0
M,0.0,0.0,0.0,0.0
M,-0.0837741,0.0,0.0,-0.0837741
M,0.092663,0.0,0.0,0.092663
M,0.0,0.0,0.0,0.0
M,0.0,0.0,0.0,0.0
M,0.026648,0.0,0.0,0.026648
M,0.0,0.0,0.0,0.0
M,0.0,0.0,0.0,0.0
M,0.0,0.0,0.0,0.0
M,0.0,0.0,0.0,0.0
M,0.0,0.0,0.0,0.0
M,-0.0114983,0.0,0.0,-0.0114983
M,0.0,0.0,0.0,0.0
M,0.0896936,0.0,0.0,0.0896936
M,0.0,0.0,0.0,0.0
M,0.0,0.0,0.0,0.0
M,-0.0435988,0.0,0.0,-0.0435988
M,0.0,0.0,0.0,0.0
M,0.0,0.0,0.0,0.0
M,0.0,0.0,0.0,0.0
M,-0.0230125,0.0,0.0,-0.0230125
M,0.0,0.0,0.0,0.0
M,0.0,0.0,0.0,0.0
M,0.0,0.0,0.0,0.0
M,0.0,0.0,0.0,0.0
M,-0.0539507,0.0,0.0,-0.0539507
M,0.0,0.0,0.0,0.0
M,0.0,0.0,0.0,0.0
M,0.0,0.0,0.0,0.0
M,0.0,0.0,0.0,0.0
M,-0.00552745,0.0,0.0,-0.00552745
M,0.0,0.0,0.0,0.0
M,0.0,0.0,0.0,0.0
M,0.0,0.0,0.0,0.0
M,0.0,0.0,0.0,0.0
M,0.0,0.0,0.0,0.0
M,0.0,0.0,0.0,0.0
M,0.0,0.0,0.0,0.0
M,0.0,0.0,0.0,0.0
M,-0.131484,0.0,0.0,-0.131484
M,0.0,0.0,0.0,0.0
M,0.0,0.0,0.0,0.0
M,0.0,0.0,0.0,0.0
M,0.0,0.0,0.0,0.0
M,0.0,0.0,0.0,0.0
M,-0.0454851,0.0,0.0,-0.0454851
M,0.0,0.0,0.0,0.0
M,0.0,0.0,0.0,0.0
M,0.0,0.0,0.0,0.0
M,0.0,0.0,0.0,0.0
M,0.0,0.0,0.0,0.0
M,-0.00963797,0.0,0.0,-0.00963797
M,0.0,0.0,0.0,0.0
M,0.0,0.0,0.0,0.0
M,-0.0242042,0.0,0.0,-0.0242042
M,0.0,0.0,0.0,0.0
M,0.0,0.0,0.0,0.0
M,0.0,0.0,0.0,0.0
M,0.0,0.0,0.0,0.0
M,0.0,0.0,0.0,0.0
M,0.0,0.0,0.0,0.0
M,0.0,0.0,0.0,0.0
M,0.0,0.0,0.0,0.0
M,0.0,0.0,0.0,0.0
M,0.0,0.0,0.0,0.0
M,0.0,0.0,0.0,0.0
M,0.00326873,0.0,0.0,0.00326873
M,0.0,0.0,0.0,0.0
M,0.0,0.0,0.0,0.0
M,0.0,0.0,0.0,0.0
M,0.0,0.0,0.0,0.0
M,-0.0399065,0.0,0.0,-0.0399065
M,0.0,0.0,0.0,0.0
M,0.0,0.0,0.0,0.0
M,0.0,0.0,0.0,0.0
M,0.0,0.0,0.0,0.0
M,0.0,0.0,0.0,0.0
M,0.0,0.0,0.0,0.0
M,0.0419345,0.0,0.0,0.0419345
M,0.019087,0.0,0.0,0.019087
M,0.019087,0.0,0.0,0.019087
M,0.00189813,0.0,0.0,0.00189813
M,0.0,0.0,0.0,0.0
M,0.0,0.0,0.0,0.0
M,0.0,0.0,0.0,0.0
M,0.0,0.0,0.0,0.0
M,0.0,0.0,0.0,0.0
M,0.0,0.0,0.0,0.0
M,0.0,0.0,0.0,0.0
M,0.0,0.0,0.0,0.0
M,0.0,0.0,0.0,0.0
M,0.0,0.0,0.0,0.0
M,0.0,0.0,0.0,0.0
M,0.0,0.0,0.0,0.0
M,0.0,0.0,0.0,0.0
M,0.0,0.0,0.0,0.0
M,-0.0207032,0.0,0.0,-0.0207032
M,0.0,0.0,0.0,0.0
M,0.0,0.0,0.0,0.0
M,0.0,0.0,0.0,0.0
M,0.0,0.0,0.0,0.0
M,0.0,0.0,0.0,0.0
M,0.0,0.0,0.0,0.0
M,0.0,0.0,0.0,0.0
M,0.0,0.0,0.0,0.0
M,0.0,0.0,0.0,0.0
M,0.0,0.0,0.0,0.0
M,0.0,0.0,0.0,0.0
M,0.0,0.0,0.0,0.0
M,0.0,0.0,0.0,0.0
M,0.0,0.0,0.0,0.0
M,0.0,0.0,0.0,0.0
M,0.0,0.0,0.0,0.0
M,0.0,0.0,0.0,0.0
M,0.0,0.0,0.0,0.0
M,0.0,0.0,0.0,0.0
M,0.0,0.0,0.0,0.0
M,0.0,0.0,0.0,0.0
M,0.0,0.0,0.0,0.0
M,0.0,0.0,0.0,0.0
M,0.0,0.0,0.0,0.0
M,0.0,0.0,0.0,0.0
M,0.0,0.0,0.0,0.0
M,0.00757115,0.0,0.0,0.00757115
M,0.0,0.0,0.0,0.0
M,0.0,0.0,0.0,0.0
M,-0.0931857,0.0,0.0,-0.0931857
M,-0.0367539,0.0,0.0,-0.0367539
M,0.0,0.0,0.0,0.0
M,0.0,0.0,0.0,0.0
M,-0.12219,0.0,0.0,-0.12219
M,0.0,0.0,0.0,0.0
M,0.0,0.0,0.0,0.0
M,0.0,0.0,0.0,0.0
M,0.0512965,0.0,0.0,0.0512965
M,0.0,0.0,0.0,0.0
M,0.0,0.0,0.0,0.0
M,0.0,0.0,0.0,0.0
M,0.0,0.0,0.0,0.0
M,0.0,0.0,0.0,0.0
M,0.0,0.0,0.0,0.0
M,0.0,0.0,0.0,0.0
M,0.0,0.0,0.0,0.0
M,0.0,0.0,0.0,0.0
M,0.0,0.0,0.0,0.0
M,-0.0166486,0.0,0.0,-0.0166486
M,0.0,0.0,0.0,0.0
M,0.014875,0.0,0.0,0.014875
M,0.0,0.0,0.0,0.0
M,0.0,0.0,0.0,0.0
M,0.0,0.0,0.0,0.0
M,0.0,0.0,0.0,0.0
M,-0.0240174,0.0,0.0,-0.0240174
M,0.0,0.0,0.0,0.0
M,0.0,0.0,0.0,0.0
M,0.0225435,0.0,0.0,0.0225435
M,0.0,0.0,0.0,0.0
M,0.0,0.0,0.0,0.0
M,0.0,0.0,0.0,0.0
M,0.0,0.0,0.0,0.0
M,0.0,0.0,0.0,0.0
M,0.0,0.0,0.0,0.0
M,0.0,0.0,0.0,0.0
M,0.0,0.0,0.0,0.0
M,0.0,0.0,0.0,0.0
M,0.0,0.0,0.0,0.0
M,0.0,0.0,0.0,0.0
M,0.0,0.0,0.0,0.0
M,0.0,0.0,0.0,0.0
M,0.0,0.0,0.0,0.0
M,0.0,0.0,0.0,0.0
M,0.0,0.0,0.0,0.0
M,0.0,0.0,0.0,0.0
M,0.0,0.0,0.0,0.0
M,0.0,0.0,0.0,0.0
M,-0.0327163,0.0,0.0,-0.0327163
M,0.0,0.0,0.0,0.0
M,0.0235992,0.0,0.0,0.0235992
M,0.0,0.0,0.0,0.0
M,0.0,0.0,0.0,0.0
M,0.0,0.0,0.0,0.0
M,0.0734774,0.0,0.0,0.0734774
M,0.0,0.0,0.0,0.0
M,0.0,0.0,0.0,0.0
M,0.0,0.0,0.0,0.0
M,0.0,0.0,0.0,0.0
M,0.0,0.0,0.0,0.0
M,0.0,0.0,0.0,0.0
M,0.0,0.0,0.0,0.0
M,0.0,0.0,0.0,0.0
M,0.0,0.0,0.0,0.0
M,0.0,0.0,0.0,0.0
M,0.0,0.0,0.0,0.0
M,-0.0444162,0.0,0.0,-0.0444162
M,0.0,0.0,0.0,0.0
M,0.0,0.0,0.0,0.0
M,0.0,0.0,0.0,0.0
M,0.0,0.0,0.0,0.0
M,0.0,0.0,0.0,0.0
M,-0.0232511,0.0,0.0,-0.0232511
M,0.0,0.0,0.0,0.0
M,0.0621682,0.0,0.0,0.0621682
M,0.0,0.0,0.0,0.0
M,0.0,0.0,0.0,0.0
M,-0.0735227,0.0,0.0,-0.0735227
M,0.0,0.0,0.0,0.0
M,0.0,0.0,0.0,0.0
M,0.0,0.0,0.0,0.0
M,0.0,0.0,0.0,0.0
M,0.0,0.0,0.0,0.0
M,0.0,0.0,0.0,0.0
M,0.0279678,0.0,0.0,0.0279678
M,0.0,0.0,0.0,0.0
M,0.0,0.0,0.0,0.0
M,0.0,0.0,0.0,0.0
M,0.0,0.0,0.0,0.0
M,0.0,0.0,0.0,0.0
M,0.0,0.0,0.0,0.0
M,0.0,0.0,0.0,0.0
M,-0.0567187,0.0,0.0,-0.0567187
M,0.0,0.0,0.0,0.0
M,0.0,0.0,0.0,0.0
M,0.0,0.0,0.0,0.0
M,-0.0764576,0.0,0.0,-0.0764576
M,0.0,0.0,0.0,0.0
M,0.0,0.0,0.0,0.0
M,0.0,0.0,0.0,0.0
M,0.00667579,0.0,0.0,0.00667579
M,-0.0328743,0.0,0.0,-0.0328743
M,0.0,0.0,0.0,0.0
M,0.0516113,0.0,0.0,0.0516113
M,0.0364645,0.0,0.0,0.0364645
M,0.0,0.0,0.0,0.0
M,0.0,0.0,0.0,0.0
M,0.0,0.0,0.0,0.0
M,0.0,0.0,0.0,0.0
M,0.0,0.0,0.0,0.0
M,0.0,0.0,0.0,0.0
M,0.0,0.0,0.0,0.0
M,-0.00531269,0.0,0.0,-0.00531269
M,0.0,0.0,0.0,0.0
M,0.0,0.0,0.0,0.0
M,0.0,0.0,0.0,0.0
M,0.0,0.0,0.0,0.0
M,0.0,0.0,0.0,0.0
M,0.0,0.0,0.0,0.0
M,-0.0216012,0.0,0.0,-0.0216012
M,0.0,0.0,0.0,0.0
M,-0.0399065,0.0,0.0,-0.0399065
M,0.0317933,0.0,0.0,0.0317933
M,0.0,0.0,0.0,0.0
M,0.0,0.0,0.0,0.0
M,0.0,0.0,0.0,0.0
M,0.0,0.0,0.0,0.0
M,0.0,0.0,0.0,0.0
M,0.0,0.0,0.0,0.0
M,0.0,0.0,0.0,0.0
M,0.0052891,0.0,0.0,0.0052891
M,-0.0348882,0.0,0.0,-0.0348882
M,0.0,0.0,0.0,0.0
M,0.0,0.0,0.0,0.0
M,0.0,0.0,0.0,0.0
M,0.0,0.0,0.0,0.0
M,0.0,0.0,0.0,0.0
M,0.0105053,0.0,0.0,0.0105053
M,0.0,0.0,0.0,0.0
M,0.0,0.0,0.0,0.0
M,0.0,0.0,0.0,0.0
M,0.0,0.0,0.0,0.0
M,0.0,0.0,0.0,0.0
M,0.0,0.0,0.0,0.0
M,0.0,0.0,0.0,0.0
M,0.0,0.0,0.0,0.0
M,0.0,0.0,0.0,0.0
M,0.0,0.0,0.0,0.0
M,0.0,0.0,0.0,0.0
M,0.0,0.0,0.0,0.0
M,-0.105056,0.0,0.0,-0.105056
M,0.0,0.0,0.0,0.0
M,0.0,0.0,0.0,0.0
M,0.0,0.0,0.0,0.0
M,0.0,0.0,0.0,0.0
M,0.0,0.0,0.0,0.0
M,0.0,0.0,0.0,0.0
M,0.0,0.0,0.0,0.0
M,0.0,0.0,0.0,0.0
M,0.0,0.0,0.0,0.0
M,-0.0407486,0.0,0.0,-0.0407486
M,0.0,0.0,0.0,0.0
M,0.0,0.0,0.0,0.0
M,0.0,-0.140754,-0.140754,-0.140754
M,0.0,0.0,0.0,0.0
M,-0.0388806,0.0,0.0,-0.0388806
M,0.0,0.0,0.0,0.0
M,0.0,0.0,0.0,0.0
M,0.0,0.0,0.0,0.0
M,0.0,0.0,0.0,0.0
M,-0.0836726,0.0,0.0,-0.0836726
M,0.0303196,0.0,0.0,0.0303196
M,0.0,0.0,0.0,0.0
M,0.0,0.0,0.0,0.0
M,0.0,0.0,0.0,0.0
M,0.0,0.0,0.0,0.0
M,0.0,0.0,0.0,0.0
M,0.0,0.0,0.0,0.0
M,0.0747945,0.0,0.0,0.0747945
M,0.035629,0.0,0.0,0.035629
M,0.0,0.0,0.0,0.0
M,0.0,0.0,0.0,0.0
M,0.0,0.0,0.0,0.0
M,0.0451589,0.0,0.0,0.0451589
M,0.0115362,0.0,0.0,0.0115362
M,0.0,0.0,0.0,0.0
M,0.0,0.0,0.0,0.0
M,0.0,0.0,0.0,0.0
M,0.0,0.0,0.0,0.0
M,0.0,0.0,0.0,0.0
M,0.0,0.0,0.0,0.0
M,0.0,0.0,0.0,0.0
M,0.0,0.0,0.0,0.0
M,-0.0099346,0.0,0.0,-0.0099346
M,0.0,0.0,0.0,0.0
M,0.0,0.0,0.0,0.0
M,0.0,0.0,0.0,0.0
M,0.0,0.0,0.0,0.0
M,0.0,0.0,0.0,0.0
M,0.0,0.0,0.0,0.0
M,-0.0420359,0.0,0.0,-0.0420359
M,0.0108245,0.0,0.0,0.0108245
M,0.0,0.0,0.0,0.0
M,0.0,0.0,0.0,0.0
M,0.0,0.0,0.0,0.0
M,0.0,0.0,0.0,0.0
M,0.0,0.0,0.0,0.0
M,0.0,0.0,0.0,0.0
M,0.0,0.0,0.0,0.0
M,-0.00963797,0.0,0.0,-0.00963797
M,0.0,0.0,0.0,0.0
M,0.0,0.0,0.0,0.0
M,0.0,0.0,0.0,0.0
M,0.112492,0.0,0.0,0.112492
M,0.0124071,0.0,0.0,0.0124071
M,0.0,0.0,0.0,0.0
M,0.0,0.0,0.0,0.0
M,0.0,0.0,0.0,0.0
M,-0.0775819,0.0,0.0,-0.0775819
M,0.0,0.0,0.0,0.0
M,0.0,0.0,0.0,0.0
M,0.0,0.0,0.0,0.0
M,0.00289674,0.0,0.0,0.00289674
M,0.0,0.0,0.0,0.0
M,0.0170227,0.0,0.0,0.0170227
M,0.0,0.0,0.0,0.0
M,0.0,0.0,0.0,0.0
M,0.0,0.0,0.0,0.0
M,0.0,0.0,0.0,0.0
M,0.0,0.0,0.0,0.0
M,0.0,0.0,0.0,0.0
M,0.0,0.0,0.0,0.0
M,0.0,0.0,0.0,0.0
M,0.0,0.0,0.0,0.0
M,0.0,0.0,0.0,0.0
M,-0.0428223,0.0,0.0,-0.0428223
M,0.0773881,0.0,0.0,0.0773881
M,0.0,0.0,0.0,0.0
M,0.0,0.0,0.0,0.0
M,0.0,0.0,0.0,0.0
M,-0.131484,0.0,0.0,-0.131484
M,0.0,0.0,0.0,0.0
M,-0.0424571,0.0,0.0,-0.0424571
M,0.0,0.0,0.0,0.0
M,-0.022526,0.0,0.0,-0.022526
M,-0.0448624,0.0,0.0,-0.0448624
M,0.0,0.0,0.0,0.0
M,0.0,0.0,0.0,0.0
M,0.0,0.0,0.0,0.0
M,0.0,0.0,0.0,0.0
M,0.0,0.0,0.0,0.0
M,0.0,0.0,0.0,0.0
M,0.0,0.0,0.0,0.0
M,0.0,0.0,0.0,0.0
M,0.0,0.0,0.0,0.0
M,0.0,0.0,0.0,0.0
M,-0.0405432,0.0,0.0,-0.0405432
M,0.0,0.0,0.0,0.0
M,0.0,0.0,0.0,0.0
M,0.0,0.0,0.0,0.0
M,0.0,0.0,0.0,0.0
M,0.0,0.0,0.0,0.0
M,0.0,0.0,0.0,0.0
M,0.0,0.0,0.0,0.0
M,0.0,0.0,0.0,0.0
M,0.0,0.0,0.0,0.0
M,0.0,0.0,0.0,0.0
M,0.0,0.0,0.0,0.0
M,0.0775474,0.0,0.0,0.0775474
M,0.0,0.0,0.0,0.0
M,-0.00495863,0.0,0.0,-0.00495863
M,0.0,0.0,0.0,0.0
M,0.0,0.0,0.0,0.0
M,0.0,0.0,0.0,0.0
M,0.0,0.0,0.0,0.0
M,0.0,0.0,0.0,0.0
M,0.0,0.0,0.0,0.0
M,0.0257814,0.0,0.0,0.0257814
M,0.0,0.0,0.0,0.0
M,0.0,0.0,0.0,0.0
M,0.0,0.0,0.0,0.0
M,0.0,0.0,0.0,0.0
M,0.0,0.0,0.0,0.0
M,0.0,0.0,0.0,0.0
M,0.0,0.0,0.0,0.0
M,0.0,0.0,0.0,0.0
M,0.0,0.0,0.0,0.0
M,0.0,0.0,0.0,0.0
M,0.0,0.0,0.0,0.0
M,-0.0384979,0.0,0.0,-0.0384979
M,0.0890968,0.0,0.0,0.0890968
M,0.0,0.0,0.0,0.0
M,0.0516113,0.0,0.0,0.0516113
M,0.0,0.0,0.0,0.0
M,0.0,0.0,0.0,0.0
M,0.0,0.0,0.0,0.0
M,0.0,0.0,0.0,0.0
M,0.0,0.0,0.0,0.0
M,-0.0216012,0.0,0.0,-0.0216012
M,0.0,0.0,0.0,0.0
M,-0.0230125,0.0,0.0,-0.0230125
M,0.0,0.0,0.0,0.0
M,0.0,0.0,0.0,0.0
M,0.0,0.0,0.0,0.0
M,0.0,0.0,0.0,0.0
M,-0.0232592,0.0,0.0,-0.0232592
M,0.0,0.0,0.0,0.0
M,0.0,0.0,0.0,0.0
M,0.0,0.0,0.0,0.0
M,0.0,0.0,0.0,0.0
M,0.0,0.0,0.0,0.0
M,0.0,0.0,0.0,0.0
M,0.0,0.0,0.0,0.0
M,0.0581078,0.0,0.0,0.0581078
M,0.0,0.0,0.0,0.0
M,0.0552746,-0.140754,-0.140754,-0.0854794
M,0.0,0.0,0.0,0.0
M,0.0,0.0,0.0,0.0
M,0.0,0.0,0.0,0.0
M,0.0,0.0,0.0,0.0
M,0.0,0.0,0.0,0.0
M,0.0,0.0,0.0,0.0
M,0.0,0.0,0.0,0.0
M,0.0,0.0,0.0,0.0
M,0.0,0.0,0.0,0.0
M,0.0,0.0,0.0,0.0
M,0.0,0.0,0.0,0.0
M,0.0,0.0,0.0,0.0
M,0.0,0.0,0.0,0.0
M,0.0,0.0,0.0,0.0
M,0.0,0.0,0.0,0.0
M,0.0,0.0,0.0,0.0
M,-0.0343424,0.0,0.0,-0.0343424
M,0.0,0.0,0.0,0.0
M,0.0,0.0,0.0,0.0
M,0.0,0.0,0.0,0.0
M,0.0,0.0,0.0,0.0
M,0.0,0.0,0.0,0.0
M,0.0,0.0,0.0,0.0
M,0.0,0.0,0.0,0.0
M,0.0,0.0,0.0,0.0
M,0.0364645,0.0,0.0,0.0364645
M,0.0,0.0,0.0,0.0
M,0.0,0.0,0.0,0.0
M,-0.0449498,0.0,0.0,-0.0449498
M,0.0,0.0,0.0,0.0
M,0.0,0.0,0.0,0.0
M,0.0,0.0,0.0,0.0
M,-0.0606215,0.0,0.0,-0.0606215
M,0.0392713,0.0,0.0,0.0392713
M,-0.00177876,0.0,0.0,-0.00177876
M,0.0,0.0,0.0,0.0
M,-0.0188919,0.0,0.0,-0.0188919
M,-0.0099346,0.0,0.0,-0.0099346
M,0.0,0.0,0.0,0.0
M,0.0,0.0,0.0,0.0
M,-0.0123671,0.0,0.0,-0.0123671
M,0.0,0.0,0.0,0.0
M,-0.0539507,0.0,0.0,-0.0539507
M,0.0,0.0,0.0,0.0
M,0.0,0.0,0.0,0.0
M,0.0,0.0,0.0,0.0
M,0.0394531,0.0,0.0,0.0394531
M,0.0,0.0,0.0,0.0
M,0.0459009,0.0,0.0,0.0459009
M,0.0,0.0,0.0,0.0
M,0.0,0.0,0.0,0.0
M,0.0,0.0,0.0,0.0
M,0.0,0.0,0.0,0.0
M,0.0,0.0,0.0,0.0
M,0.0,0.0,0.0,0.0
M,0.0,0.0,0.0,0.0
M,0.0,0.0,0.0,0.0
M,0.0,0.0,0.0,0.0
M,0.0,0.0,0.0,0.0
M,0.0,0.0,0.0,0.0
M,0.0123432,0.0,0.0,0.0123432
M,0.0,0.0,0.0,0.0
M,0.0,0.0,0.0,0.0
M,0.0,0.0,0.0,0.0
M,0.0,0.0,0.0,0.0
M,0.0,0.0,0.0,0.0
M,-0.020189,0.0,0.0,-0.020189
M,-0.0428968,0.0,0.0,-0.0428968
M,0.0,0.0,0.0,0.0
M,0.0,0.0,0.0,0.0
M,0.0,0.0,0.0,0.0
M,0.0,0.0,0.0,0.0
M,0.0,0.0,0.0,0.0
M,0.0,0.0,0.0,0.0
M,0.0,0.0,0.0,0.0
M,-0.0837741,0.0,0.0,-0.0837741
M,0.0,0.0,0.0,0.0
M,0.0,0.0,0.0,0.0
M,0.0,0.0,0.0,0.0
M,0.0,0.0,0.0,0.0
M,0.0,0.0,0.0,0.0
M,-0.0521811,0.0,0.0,-0.0521811
M,0.0,0.0,0.0,0.0
M,0.0,0.0,0.0,0.0
M,0.0,0.0,0.0,0.0
M,0.0,0.0,0.0,0.0
M,0.0,0.0,0.0,0.0
M,0.0,0.0,0.0,0.0
M,0.0,0.0,0.0,0.0
M,-0.0242173,0.0,0.0,-0.0242173
M,0.0,0.0,0.0,0.0
M,0.0,0.0,0.0,0.0
M,0.0,0.0,0.0,0.0
M,0.0,0.0,0.0,0.0
M,-0.0266263,0.0,0.0,-0.0266263
M,0.0,0.0,0.0,0.0
M,0.0,0.0,0.0,0.0
M,0.0405348,0.0,0.0,0.0405348
M,0.0,0.0,0.0,0.0
M,0.0,0.0,0.0,0.0
M,0.026648,0.0,0.0,0.026648
M,0.0,0.0,0.0,0.0
M,0.0,0.0,0.0,0.0
M,0.0,0.0,0.0,0.0
M,-0.100381,0.0,0.0,-0.100381
M,0.0,0.0,0.0,0.0
M,0.0,0.0,0.0,0.0
M,0.0,0.0,0.0,0.0
M,0.0,0.0,0.0,0.0
M,0.0,0.0,0.0,0.0
M,0.0,0.0,0.0,0.0
M,0.0,0.0,0.0,0.0
M,0.0,0.0,0.0,0.0
M,0.0,0.0,0.0,0.0
M,0.0,0.0,0.0,0.0
M,0.0,0.0,0.0,0.0
M,0.0,0.0,0.0,0.0
M,0.0,0.0,0.0,0.0
M,0.0,0.0,0.0,0.0
M,0.0,0.0,0.0,0.0
M,0.0,0.0,0.0,0.0
M,0.0,0.0,0.0,0.0
M,0.0,0.0,0.0,0.0
M,0.0,0.0,0.0,0.0
M,0.0,0.0,0.0,0.0
M,0.0,0.0,0.0,0.0
M,0.0,0.0,0.0,0.0
M,-0.0794669,0.0,0.0,-0.0794669
M,0.0,0.0,0.0,0.0
M,0.0,0.0,0.0,0.0
M,0.0,0.0,0.0,0.0
M,0.0,0.0,0.0,0.0
M,0.0,0.0,0.0,0.0
M,0.0,0.0,0.0,0.0
M,0.0,0.0,0.0,0.0
M,0.0,0.0,0.0,0.0
M,0.0,0.0,0.0,0.0
M,0.0,0.0,0.0,0.0
M,0.0391871,0.0,0.0,0.0391871
M,0.0113253,0.0,0.0,0.0113253
M,0.0,0.0,0.0,0.0
M,0.0,0.0,0.0,0.0
M,0.0333058,0.0,0.0,0.0333058
M,0.0,0.0,0.0,0.0
M,0.0,0.0,0.0,0.0
M,0.0,0.0,0.0,0.0
M,-0.0240174,0.0,0.0,-0.0240174
M,0.0,0.0,0.0,0.0
M,0.0,0.0,0.0,0.0
M,0.0,0.0,0.0,0.0
M,0.0,0.0,0.0,0.0
M,0.0,0.0,0.0,0.0
M,0.0,0.0,0.0,0.0
M,0.0,0.0,0.0,0.0
M,0.0826577,0.0,0.0,0.0826577
M,0.0,0.0,0.0,0.0
M,-0.0589257,0.0,0.0,-0.0589257
M,0.0,0.0,0.0,0.0
M,0.0,0.0,0.0,0.0
M,-0.00970284,0.0,0.0,-0.00970284
M,0.0,0.0,0.0,0.0
M,0.0,0.0,0.0,0.0
M,0.0,0.0,0.0,0.0
M,0.0304428,0.0,0.0,0.0304428
M,0.0318325,0.0,0.0,0.0318325
M,0.0,0.0,0.0,0.0
M,0.0,0.0,0.0,0.0
M,0.0,0.0,0.0,0.0
M,0.0,0.0,0.0,0.0
M,0.0,0.0,0.0,0.0
M,0.0,0.0,0.0,0.0
M,-0.0349346,0.0,0.0,-0.0349346
M,0.0644868,0.0,0.0,0.0644868
M,-0.0103287,0.0,0.0,-0.0103287
M,0.0233128,0.0,0.0,0.0233128
M,0.0,0.0,0.0,0.0
M,0.0,-0.0334429,-0.0334429,-0.0334429
M,0.0,0.0,0.0,0.0
M,0.0,0.0,0.0,0.0
M,0.112492,0.0,0.0,0.112492
M,0.0,0.0,0.0,0.0
M,0.0,0.0,0.0,0.0
M,0.0,0.0,0.0,0.0
M,-0.0589257,0.0,0.0,-0.0589257
M,-0.0124705,0.0,0.0,-0.0124705
M,-0.0692567,0.0,0.0,-0.0692567
M,-0.0847823,0.0,0.0,-0.0847823
M,0.0198145,0.0,0.0,0.0198145
M,0.0,0.0,0.0,0.0
M,0.0,0.0,0.0,0.0
M,0.0,0.0,0.0,0.0
M,0.0,0.0,0.0,0.0
M,-0.0216012,0.0,0.0,-0.0216012
M,0.0,0.0,0.0,0.0
M,0.0351653,0.0,0.0,0.0351653
M,0.0,0.0,0.0,0.0
M,0.0,0.0,0.0,0.0
M,0.0,0.0,0.0,0.0
M,0.0,0.0,0.0,0.0
M,0.0,0.0,0.0,0.0
M,0.0,0.0,0.0,0.0
M,0.0,0.0,0.0,0.0
M,0.0826577,0.0,0.0,0.0826577
M,0.0,0.0,0.0,0.0
M,0.0,0.0,0.0,0.0
M,0.0,0.0,0.0,0.0
M,0.0,0.0,0.0,0.0
M,0.0,0.0,0.0,0.0
M,0.0,0.0,0.0,0.0
M,0.0,0.0,0.0,0.0
M,0.0,0.0,0.0,0.0
M,0.0,0.0,0.0,0.0
M,0.0,0.0,0.0,0.0
M,0.0,0.0,0.0,0.0
M,0.0,0.0,0.0,0.0
M,0.0,0.0,0.0,0.0
M,0.0,0.0,0.0,0.0
M,0.0,0.0,0.0,0.0
M,0.0,0.07585,0.07585,0.07585
M,0.00960964,0.0,0.0,0.00960964
M,0.0,0.0,0.0,0.0
M,0.0,0.0,0.0,0.0
M,0.0,0.0,0.0,0.0
M,0.0,0.0,0.0,0.0
M,0.0,0.0,0.0,0.0
M,0.0,-0.0168177,-0.0168177,-0.0168177
M,0.0439011,0.0,0.0,0.0439011
M,0.0,0.0,0.0,0.0
M,0.0028307,0.0,0.0,0.0028307
M,0.0,0.0,0.0,0.0
M,0.0,0.0,0.0,0.0
M,0.0,0.0,0.0,0.0
M,0.0,0.0,0.0,0.0
M,-0.064945,0.0,0.0,-0.064945
M,0.0,0.0,0.0,0.0
M,0.0,0.0,0.0,0.0
M,0.0,0.0,0.0,0.0
M,0.0,0.0,0.0,0.0
M,0.0,0.0,0.0,0.0
M,0.0,0.0,0.0,0.0
M,0.0,0.0,0.0,0.0
M,0.0,0.0,0.0,0.0
M,0.0,0.0,0.0,0.0
M,0.0,0.0,0.0,0.0
M,-0.0456105,0.0,0.0,-0.0456105
M,0.0,0.0,0.0,0.0
M,0.0,0.0,0.0,0.0
M,0.0,0.0,0.0,0.0
M,0.0644868,0.0,0.0,0.0644868
M,0.0,0.0,0.0,0.0
M,0.0,0.0,0.0,0.0
M,0.0,0.0,0.0,0.0
M,0.0,0.0,0.0,0.0
M,0.0,0.0,0.0,0.0
M,0.0,0.0,0.0,0.0
M,0.0,0.0,0.0,0.0
M,0.0,0.0,0.0,0.0
M,0.0,0.0,0.0,0.0
M,-0.0424571,0.0,0.0,-0.0424571
M,0.0,0.0,0.0,0.0
M,0.0,0.0,0.0,0.0
M,0.0,0.0,0.0,0.0
M,0.0,0.0,0.0,0.0
M,0.0,0.0,0.0,0.0
M,0.0,0.0,0.0,0.0
M,0.0,0.0,0.0,0.0
M,0.0318325,0.0,0.0,0.0318325
M,0.0,0.0,0.0,0.0
M,0.0,0.0,0.0,0.0
M,0.0508352,0.0,0.0,0.0508352
M,0.0,0.0,0.0,0.0
M,0.0,0.0,0.0,0.0
M,0.0,0.0,0.0,0.0
M,0.0,0.0,0.0,0.0
M,0.0,0.0,0.0,0.0
M,-0.00525602,0.0,0.0,-0.00525602
M,0.0,0.0,0.0,0.0
M,0.0,0.0,0.0,0.0
M,0.0,0.0,0.0,0.0
M,0.0,0.0,0.0,0.0
M,0.0,0.0,0.0,0.0
M,-0.0735227,0.0,0.0,-0.0735227
M,0.0,0.0,0.0,0.0
M,0.0,0.0,0.0,0.0
M,0.0662439,0.0,0.0,0.0662439
M,0.0,0.0,0.0,0.0
M,0.0,0.0,0.0,0.0
M,0.0,0.0,0.0,0.0
M,0.0,0.0,0.0,0.0
M,0.0,0.0,0.0,0.0
M,0.0,0.0,0.0,0.0
M,0.0,0.0,0.0,0.0
M,0.0,0.0,0.0,0.0
M,0.120758,0.0,0.0,0.120758
M,0.0,0.0,0.0,0.0
M,-0.11514,0.0,0.0,-0.11514
M,0.0,0.0,0.0,0.0
M,0.0,0.0,0.0,0.0
M,0.0,0.0,0.0,0.0
M,0.0,0.0,0.0,0.0
M,0.0,0.0,0.0,0.0
M,0.00979587,0.0,0.0,0.00979587
M,0.0,0.0,0.0,0.0
M,0.0,0.0,0.0,0.0
M,0.0,0.0,0.0,0.0
M,0.0,0.0,0.0,0.0
M,0.0,0.0,0.0,0.0
M,0.0,0.0,0.0,0.0
M,0.0,0.0,0.0,0.0
M,0.0,0.0,0.0,0.0
M,0.0,0.0,0.0,0.0
M,0.0,0.0,0.0,0.0
M,0.0,0.0,0.0,0.0
M,0.0,0.0,0.0,0.0
M,0.0,0.0,0.0,0.0
M,0.0,0.0,0.0,0.0
M,0.0,0.0,0.0,0.0
M,0.0,0.0,0.0,0.0
M,0.0,0.0,0.0,0.0
M,0.0,0.0,0.0,0.0
M,0.0,0.0,0.0,0.0
M,0.0541492,0.0,0.0,0.0541492
M,0.0,0.0,0.0,0.0
M,-0.0539279,0.0,0.0,-0.0539279
M,0.0,0.0,0.0,0.0
M,0.00226032,0.0,0.0,0.00226032
M,0.0541492,0.0,0.0,0.0541492
M,0.0,0.0,0.0,0.0
M,0.0,0.0,0.0,0.0
M,0.0,0.0,0.0,0.0
M,0.0,0.0,0.0,0.0
M,0.0,0.0,0.0,0.0
M,0.0,0.0,0.0,0.0
M,0.00389757,0.0,0.0,0.00389757
M,0.0,0.0,0.0,0.0
M,0.0,0.0,0.0,0.0
M,0.0,0.0,0.0,0.0
M,0.0,0.0,0.0,0.0
M,0.0,0.0,0.0,0.0
M,0.019087,0.0,0.0,0.019087
M,0.0,0.0,0.0,0.0
M,0.0,0.0,0.0,0.0
M,0.0,0.0,0.0,0.0
M,0.0,0.0,0.0,0.0
M,0.0,0.0,0.0,0.0
M,0.0,0.0,0.0,0.0
M,-0.00480404,0.0,0.0,-0.00480404
M,0.0,0.0,0.0,0.0
M,0.0,0.0,0.0,0.0
M,0.0,0.0,0.0,0.0
M,-0.0148861,0.0,0.0,-0.0148861
M,-0.0567187,0.0,0.0,-0.0567187
M,0.0,0.0,0.0,0.0
M,0.0,0.0,0.0,0.0
M,0.0,0.0,0.0,0.0
M,0.0,0.0,0.0,0.0
M,0.0,0.0,0.0,0.0
M,0.0,0.0,0.0,0.0
M,0.0,0.0,0.0,0.0
M,0.0,0.0,0.0,0.0
M,0.0,0.0,0.0,0.0
M,0.0,0.0,0.0,0.0
M,0.0,0.0,0.0,0.0
M,0.0,0.0,0.0,0.0
M,-0.0888008,0.0,0.0,-0.0888008
M,0.0249725,0.0,0.0,0.0249725
M,0.0,0.0,0.0,0.0
M,0.0,0.0,0.0,0.0
M,0.0218177,0.0,0.0,0.0218177
M,0.0,0.0,0.0,0.0
M,0.0,0.0,0.0,0.0
M,0.0,0.0,0.0,0.0
M,0.0,0.0,0.0,0.0
M,0.0,0.0,0.0,0.0
M,0.0,0.0,0.0,0.0
M,0.0,0.0,0.0,0.0
M,-0.0856503,0.0,0.0,-0.0856503
M,0.0,0.0,0.0,0.0
M,0.0350044,0.0,0.0,0.0350044
M,0.0,0.0,0.0,0.0
M,0.0,0.0,0.0,0.0
M,0.0,0.0,0.0,0.0
M,0.0,0.0,0.0,0.0
M,0.0,0.0,0.0,0.0
M,0.0,0.0,0.0,0.0
M,0.0,0.0,0.0,0.0
M,0.0,0.0,0.0,0.0
M,0.0,0.0,0.0,0.0
M,0.0,0.0,0.0,0.0
M,0.0,0.0,0.0,0.0
M,0.0,0.0,0.0,0.0
M,0.0,0.0,0.0,0.0
M,0.0,0.0,0.0,0.0
M,0.0,0.0,0.0,0.0
M,-0.0232511,0.0,0.0,-0.0232511
M,0.0,0.0,0.0,0.0
M,0.0,0.0,0.0,0.0
M,0.0,0.0,0.0,0.0
M,0.0,0.0,0.0,0.0
M,-0.0625166,0.0,0.0,-0.0625166
M,0.0,0.0,0.0,0.0
M,0.0,0.0,0.0,0.0
M,0.0,0.0,0.0,0.0
M,0.0199243,0.0,0.0,0.0199243
M,0.0,0.0,0.0,0.0
M,0.0,0.0,0.0,0.0
M,0.0,0.0,0.0,0.0
M,0.0,0.0,0.0,0.0
M,0.0,0.0,0.0,0.0
M,0.0,0.0,0.0,0.0
M,0.0,0.0,0.0,0.0
M,0.0,0.0,0.0,0.0
M,0.0,0.0,0.0,0.0
M,-0.056555,0.0,0.0,-0.056555
M,0.0,0.0,0.0,0.0
M,0.0,0.0,0.0,0.0
M,0.129954,0.0,0.0,0.129954
M,0.0,0.0,0.0,0.0
M,0.129954,0.0,0.0,0.129954
M,0.0,0.0,0.0,0.0
M,0.0,0.0,0.0,0.0
M,0.0,0.0,0.0,0.0
M,0.0,0.0,0.0,0.0
M,0.0,0.0,0.0,0.0
M,0.0,0.0,0.0,0.0
M,0.0,0.0,0.0,0.0
M,0.0,0.0,0.0,0.0
M,0.0,0.0,0.0,0.0
M,0.0,0.0,0.0,0.0
M,0.0,0.0,0.0,0.0
M,-0.0847823,0.0,0.0,-0.0847823
M,0.0,0.0,0.0,0.0
M,0.0,0.0,0.0,0.0
M,-0.0836726,0.0,0.0,-0.0836726
M,0.0,0.0,0.0,0.0
M,0.0,0.0,0.0,0.0
M,0.0,0.0,0.0,0.0
M,0.0,-0.0212049,-0.0212049,-0.0212049
M,0.0,0.0,0.0,0.0
M,0.0,0.0,0.0,0.0
M,-0.0967629,0.0,0.0,-0.0967629
M,0.0,0.0,0.0,0.0
M,0.0168289,0.0,0.0,0.0168289
M,0.0,0.0,0.0,0.0
M,0.0,0.0,0.0,0.0
M,0.0,0.0,0.0,0.0
M,0.00900054,0.0,0.0,0.00900054
M,0.0,0.0,0.0,0.0
M,0.0,0.0,0.0,0.0
M,-0.00531269,0.0,0.0,-0.00531269
M,0.0,0.0,0.0,0.0
M,0.0,0.0,0.0,0.0
M,0.0,0.0,0.0,0.0
M,0.0,0.0,0.0,0.0
M,0.0,0.0,0.0,0.0
M,0.00981349,0.0,0.0,0.00981349
M,0.0,0.0,0.0,0.0
M,0.0,0.000642041,0.000642041,0.000642041
M,0.0,0.0,0.0,0.0
M,0.0,0.0,0.0,0.0
M,0.0,0.0,0.0,0.0
M,0.0,0.0,0.0,0.0
M,0.0,0.0,0.0,0.0
M,0.0,0.0,0.0,0.0
M,0.0,0.0,0.0,0.0
M,0.0,0.0,0.0,0.0
M,0.0,0.0,0.0,0.0
M,0.0,0.0,0.0,0.0
M,0.0,0.0,0.0,0.0
M,0.0,0.0,0.0,0.0
M,0.0,0.0,0.0,0.0
M,0.0,0.0,0.0,0.0
M,0.0263535,0.0,0.0,0.0263535
M,0.0,0.0,0.0,0.0
M,0.0,0.0,0.0,0.0
M,0.0419345,0.0,0.0,0.0419345
M,0.0,0.0,0.0,0.0
M,0.0,0.0,0.0,0.0
M,-0.0180122,0.0,0.0,-0.0180122
M,-0.0618555,0.0,0.0,-0.0618555
M,0.0,0.0,0.0,0.0
M,-0.0299488,0.0,0.0,-0.0299488
M,0.0,0.0,0.0,0.0
M,0.0,0.0,0.0,0.0
M,0.0,0.0,0.0,0.0
M,0.0,0.0,0.0,0.0
M,0.0,0.0,0.0,0.0
M,0.0,0.0,0.0,0.0
M,-0.0837741,0.0,0.0,-0.0837741
M,0.0,0.0,0.0,0.0
M,0.0,0.0,0.0,0.0
M,0.0,0.0,0.0,0.0
M,0.0,0.0,0.0,0.0
M,0.0,0.0,0.0,0.0
M,0.0,0.0,0.0,0.0
M,0.0,0.0,0.0,0.0
M,0.0,0.0,0.0,0.0
M,0.0,0.0,0.0,0.0
M,0.0,0.0,0.0,0.0
M,0.0,0.0,0.0,0.0
M,0.0,0.0,0.0,0.0
M,-0.0240007,0.0,0.0,-0.0240007
M,0.00289674,0.0,0.0,0.00289674
M,0.0,0.0,0.0,0.0
M,0.0,0.0,0.0,0.0
M,-0.00338184,0.0,0.0,-0.00338184
M,0.0,0.07585,0.07585,0.07585
M,0.0,0.0,0.0,0.0
M,0.0,0.0,0.0,0.0
M,0.0,0.0,0.0,0.0
M,0.0,0.0,0.0,0.0
M,0.0,0.0,0.0,0.0
M,0.0,0.0,0.0,0.0
M,-0.0677947,0.0,0.0,-0.0677947
M,0.00947556,0.0,0.0,0.00947556
M,0.0,0.0,0.0,0.0
M,0.012324,0.0,0.0,0.012324
M,0.0,0.0,0.0,0.0
M,0.0,0.0,0.0,0.0
M,0.0,0.0,0.0,0.0
M,0.0,0.0,0.0,0.0
M,0.0,0.0,0.0,0.0
M,0.0,0.0,0.0,0.0
M,0.0,0.0,0.0,0.0
M,0.0,0.0,0.0,0.0
M,0.0392713,0.0,0.0,0.0392713
M,-0.0336276,0.0,0.0,-0.0336276
M,0.0,0.0,0.0,0.0
M,0.0,0.0,0.0,0.0
M,0.0,0.0,0.0,0.0
M,0.0,0.0,0.0,0.0
M,0.0,0.0,0.0,0.0
M,0.0,0.0,0.0,0.0
M,-0.0775392,0.0,0.0,-0.0775392
M,0.0,0.0,0.0,0.0
M,0.0,0.0,0.0,0.0
M,0.0,0.0,0.0,0.0
M,0.0,0.0,0.0,0.0
M,0.0,0.0,0.0,0.0
M,0.0,0.0,0.0,0.0
M,0.0,0.0,0.0,0.0
M,0.0,0.0,0.0,0.0
M,0.0,0.0,0.0,0.0
M,0.0,0.0,0.0,0.0
M,0.0,0.0,0.0,0.0
M,0.0,0.0,0.0,0.0
M,0.0,0.0,0.0,0.0
M,0.0,0.0,0.0,0.0
M,0.0192392,0.0,0.0,0.0192392
M,0.0,0.0,0.0,0.0
M,0.0,0.0,0.0,0.0
M,0.0,0.0,0.0,0.0
M,0.0,0.0,0.0,0.0
M,0.0,0.0,0.0,0.0
M,0.0,0.0,0.0,0.0
M,0.00960964,0.0,0.0,0.00960964
M,-0.020221,0.0,0.0,-0.020221
M,0.0,0.0,0.0,0.0
M,0.0,0.0,0.0,0.0
M,0.026648,0.0,0.0,0.026648
M,0.0,0.0,0.0,0.0
M,0.0,0.0,0.0,0.0
M,0.0,0.0,0.0,0.0
M,0.0,0.0,0.0,0.0
M,0.0,0.0,0.0,0.0
M,0.0,0.0,0.0,0.0
M,0.0,0.0,0.0,0.0
M,0.0,0.0,0.0,0.0
M,0.0,0.0,0.0,0.0
M,0.0,0.0,0.0,0.0
M,0.0,0.0,0.0,0.0
M,0.114537,0.0,0.0,0.114537
M,0.0,0.0,0.0,0.0
M,0.0,0.0,0.0,0.0
M,0.0,0.0,0.0,0.0
M,0.0,0.0,0.0,0.0
M,0.0,0.0,0.0,0.0
M,0.0,0.0,0.0,0.0
M,0.0,0.0,0.0,0.0
M,0.0186006,0.0,0.0,0.0186006
M,0.0,0.0,0.0,0.0
M,0.0,0.0,0.0,0.0
M,0.0,0.0,0.0,0.0
M,0.0,0.0,0.0,0.0
M,0.0,0.0,0.0,0.0
M,0.0,0.0,0.0,0.0
M,0.0,0.0,0.0,0.0
M,0.0,0.0,0.0,0.0
M,0.0,0.0,0.0,0.0
M,0.0413495,0.0,0.0,0.0413495
M,0.0,0.0,0.0,0.0
M,0.0,0.0,0.0,0.0
M,0.0,0.0,0.0,0.0
M,0.0,0.0,0.0,0.0
M,0.0,0.0,0.0,0.0
M,0.0,0.0,0.0,0.0
M,0.0,0.0,0.0,0.0
M,0.0,0.0,0.0,0.0
M,0.0,0.0,0.0,0.0
M,0.0,0.0,0.0,0.0
M,0.0,0.0,0.0,0.0
M,0.0,0.0,0.0,0.0
M,0.0,0.0,0.0,0.0
M,-0.0836726,0.0,0.0,-0.0836726
M,0.0,0.0,0.0,0.0
M,0.0,0.0,0.0,0.0
M,0.0,0.0,0.0,0.0
M,0.0,0.0,0.0,0.0
M,0.0,0.0,0.0,0.0
M,0.0,0.0,0.0,0.0
M,0.0,0.0,0.0,0.0
M,0.0,0.0,0.0,0.0
M,0.0,0.0,0.0,0.0
M,0.0,0.0,0.0,0.0
M,0.0,-0.0363709,-0.0363709,-0.0363709
M,0.0337365,0.0,0.0,0.0337365
M,0.0,0.0,0.0,0.0
M,0.0,0.0,0.0,0.0
M,0.0,0.0,0.0,0.0
M,0.0,0.0,0.0,0.0
M,0.0,0.0,0.0,0.0
M,0.0,0.0,0.0,0.0
M,0.0,0.0,0.0,0.0
M,0.0,0.0,0.0,0.0
M,0.0,0.0,0.0,0.0
M,-0.0589257,0.0,0.0,-0.0589257
M,-0.0759465,0.0,0.0,-0.0759465
M,0.0,0.0,0.0,0.0
M,0.0684268,0.0,0.0,0.0684268
M,0.0,0.0,0.0,0.0
M,0.0,0.0,0.0,0.0
M,0.0,0.0,0.0,0.0
M,0.0,0.0,0.0,0.0
M,-0.0240174,0.0,0.0,-0.0240174
M,0.0,0.0,0.0,0.0
M,0.0,0.0,0.0,0.0
M,0.0,0.0,0.0,0.0
M,0.0,0.0,0.0,0.0
M,0.0,0.0,0.0,0.0
M,0.0,0.0,0.0,0.0
M,0.0,0.0,0.0,0.0
M,0.0,0.0,0.0,0.0
M,0.0,0.0,0.0,0.0
M,0.0,0.0,0.0,0.0
M,0.0,-0.0334429,-0.0334429,-0.0334429
M,0.0,0.0,0.0,0.0
M,0.0,0.0,0.0,0.0
M,0.0,0.0,0.0,0.0
M,0.0,0.0,0.0,0.0
M,0.0,0.0,0.0,0.0
M,-0.0299488,0.0,0.0,-0.0299488
M,0.0,0.0,0.0,0.0
M,0.0,0.0,0.0,0.0
M,0.0,0.0,0.0,0.0
M,0.0,0.0,0.0,0.0
M,0.0,0.0,0.0,0.0
M,0.0,0.0,0.0,0.0
M,0.0,0.0,0.0,0.0
M,-0.0207125,0.0,0.0,-0.0207125
M,0.0,0.0,0.0,0.0
M,0.0,0.0,0.0,0.0
M,-0.0283628,0.0,0.0,-0.0283628
M,0.0,0.0,0.0,0.0
M,0.066922,0.0,0.0,0.066922
M,0.0,0.0,0.0,0.0
M,0.0,0.0,0.0,0.0
M,0.0,0.0,0.0,0.0
M,0.0,0.0,0.0,0.0
M,0.0,0.0,0.0,0.0
M,0.0098225,0.0,0.0,0.0098225
M,-0.0405432,0.0,0.0,-0.0405432
M,0.0,0.0,0.0,0.0
M,0.0,0.0,0.0,0.0
M,0.0,0.0,0.0,0.0
M,0.0,0.0,0.0,0.0
M,0.0,0.0,0.0,0.0
M,0.0,0.0,0.0,0.0
M,0.0,0.0,0.0,0.0
M,0.0896936,0.0,0.0,0.0896936
M,0.0,0.0,0.0,0.0
M,0.0,0.0,0.0,0.0
M,0.0,0.0,0.0,0.0
M,0.0,0.0,0.0,0.0
M,0.0,0.0,0.0,0.0
M,0.0,0.0,0.0,0.0
M,0.0,0.0,0.0,0.0
M,0.0,0.0,0.0,0.0
M,0.0,0.0,0.0,0.0
M,0.0,0.0,0.0,0.0
M,0.0,0.0,0.0,0.0
M,0.0,0.0,0.0,0.0
M,0.0,0.0,0.0,0.0
M,-0.0923224,0.0,0.0,-0.0923224
M,0.0,0.0,0.0,0.0
M,0.0413495,0.0,0.0,0.0413495
M,0.0,0.0,0.0,0.0
M,0.0,0.0,0.0,0.0
M,0.0,0.0,0.0,0.0
M,0.0,0.0,0.0,0.0
M,0.0811224,0.0,0.0,0.0811224
M,0.0,0.0,0.0,0.0
M,-0.0791329,0.0,0.0,-0.0791329
M,0.0318325,0.0,0.0,0.0318325
M,-0.0505198,0.0,0.0,-0.0505198
M,0.0,0.0,0.0,0.0
M,0.0,0.0,0.0,0.0
M,0.0,0.0,0.0,0.0
M,0.0,0.0,0.0,0.0
M,0.0,0.0,0.0,0.0
M,0.0,0.0,0.0,0.0
M,0.0,0.0,0.0,0.0
M,0.0,0.0,0.0,0.0
M,0.0,0.0,0.0,0.0
M,0.0,0.0,0.0,0.0
M,-0.0449498,0.0,0.0,-0.0449498
M,0.0,0.0,0.0,0.0
M,0.0,0.0,0.0,0.0
M,0.0,0.0,0.0,0.0
M,0.0,0.0,0.0,0.0
M,0.0,0.0,0.0,0.0
M,-0.00100863,0.0,0.0,-0.00100863
M,0.0,0.0,0.0,0.0
M,0.0,0.0,0.0,0.0
M,0.0,0.0,0.0,0.0
M,0.0,0.0,0.0,0.0
M,-0.0405432,0.0,0.0,-0.0405432
M,0.0,0.0,0.0,0.0
M,0.0,0.0,0.0,0.0
M,0.0,0.0,0.0,0.0
M,0.0,0.0,0.0,0.0
M,0.0,0.0,0.0,0.0
M,0.0124192,0.0,0.0,0.0124192
M,0.0,0.0,0.0,0.0
M,0.0,0.0,0.0,0.0
M,0.0,0.0,0.0,0.0
M,-0.072514,0.0,0.0,-0.072514
M,-0.00157582,0.0,0.0,-0.00157582
M,0.0,0.0,0.0,0.0
M,0.0,0.0,0.0,0.0
M,0.0,0.0,0.0,0.0
M,0.0,0.0,0.0,0.0
M,-0.0152635,0.0,0.0,-0.0152635
M,0.0,0.0,0.0,0.0
M,0.0,0.0,0.0,0.0
M,0.0,0.0,0.0,0.0
M,0.0,0.0,0.0,0.0
M,0.0,0.0,0.0,0.0
M,0.0,0.0,0.0,0.0
M,0.0,0.0,0.0,0.0
M,0.0,0.0,0.0,0.0
M,0.0,0.0,0.0,0.0
M,0.0,0.0,0.0,0.0
M,0.0,0.0,0.0,0.0
M,0.0,0.0,0.0,0.0
M,0.0531177,0.0,0.0,0.0531177
M,0.0,0.0,0.0,0.0
M,-0.00306961,0.0,0.0,-0.00306961
M,0.0,0.0,0.0,0.0
M,-0.0310378,0.0,0.0,-0.0310378
M,0.0,0.0,0.0,0.0
M,0.0202146,0.0,0.0,0.0202146
M,0.0,0.0,0.0,0.0
M,0.0,0.0,0.0,0.0
M,0.0,0.0,0.0,0.0
M,0.0,0.0,0.0,0.0
M,0.0,0.0,0.0,0.0
M,0.0,0.0,0.0,0.0
M,0.0,0.0,0.0,0.0
M,0.0890968,0.0,0.0,0.0890968
M,0.0,0.0,0.0,0.0
M,0.0,0.0,0.0,0.0
M,0.0,0.0,0.0,0.0
M,0.0,0.0,0.0,0.0
M,0.0,0.0,0.0,0.0
M,0.0,0.0,0.0,0.0
M,0.0,0.0,0.0,0.0
M,-0.0124705,0.0,0.0,-0.0124705
M,0.0,0.0,0.0,0.0
M,0.0557814,0.0,0.0,0.0557814
M,0.0,0.0,0.0,0.0
M,0.0,-0.0250496,-0.0250496,-0.0250496
M,0.0,0.0,0.0,0.0
M,0.0,0.0,0.0,0.0
M,0.0649195,0.0,0.0,0.0649195
M,0.0,0.0,0.0,0.0
M,0.0,0.0,0.0,0.0
M,0.0478446,0.0,0.0,0.0478446
M,-0.0166486,0.0,0.0,-0.0166486
M,0.0,0.0,0.0,0.0
M,0.0,0.0,0.0,0.0
M,0.0,0.0,0.0,0.0
M,0.0,0.0,0.0,0.0
M,0.0,0.0,0.0,0.0
M,0.0,0.0,0.0,0.0
M,0.0,0.0,0.0,0.0
M,0.0,0.0,0.0,0.0
M,-0.105056,0.0,0.0,-0.105056
M,0.0,0.0,0.0,0.0
M,0.0842829,0.0,0.0,0.0842829
M,0.00757115,0.0,0.0,0.00757115
M,0.0,0.0,0.0,0.0
M,0.0601594,0.0,0.0,0.0601594
M,0.0,0.0,0.0,0.0
M,0.0,0.0,0.0,0.0
M,0.0,0.0,0.0,0.0
M,0.0,0.0,0.0,0.0
M,0.0,0.0,0.0,0.0
M,0.0,0.0,0.0,0.0
M,0.0,0.0,0.0,0.0
M,0.0,0.0,0.0,0.0
M,0.0,0.0,0.0,0.0
M,0.0,0.0,0.0,0.0
M,0.0,0.0,0.0,0.0
M,0.078765,0.0,0.0,0.078765
M,0.0,0.0,0.0,0.0
M,0.0,0.0,0.0,0.0
M,0.0,0.0,0.0,0.0
M,0.0,0.0,0.0,0.0
M,0.0,0.0,0.0,0.0
M,0.0,0.0,0.0,0.0
M,0.0592542,0.0,0.0,0.0592542
M,0.0,0.0,0.0,0.0
M,0.0,0.0,0.0,0.0
M,0.0,0.0,0.0,0.0
M,0.0,0.0,0.0,0.0
M,0.0,0.0,0.0,0.0
M,0.0,0.0,0.0,0.0
M,0.0,0.0,0.0,0.0
M,0.0,0.0,0.0,0.0
M,-0.0285244,0.0,0.0,-0.0285244
M,0.0,0.0,0.0,0.0
M,0.0,0.0,0.0,0.0
M,0.0,0.0,0.0,0.0
M,0.0,0.0,0.0,0.0
M,0.0,0.0144521,0.0144521,0.0144521
M,0.0,0.0,0.0,0.0
M,0.0,0.0,0.0,0.0
M,0.0,0.0,0.0,0.0
M,-0.0449498,0.0,0.0,-0.0449498
M,0.0,0.0,0.0,0.0
M,0.0,0.0,0.0,0.0
M,0.0,0.0,0.0,0.0
M,0.0,0.0,0.0,0.0
M,0.0,0.0,0.0,0.0
M,0.0,0.0,0.0,0.0
M,0.0,0.0,0.0,0.0
M,0.0,0.0,0.0,0.0
M,0.0,0.0,0.0,0.0
M,-0.0923224,0.0,0.0,-0.0923224
M,0.0,0.0,0.0,0.0
M,0.0,0.0,0.0,0.0
M,0.0,0.0,0.0,0.0
M,0.0,0.0,0.0,0.0
M,-0.0434707,0.0,0.0,-0.0434707
M,0.0,0.0,0.0,0.0
M,0.0,0.0,0.0,0.0
M,0.0,0.0,0.0,0.0
M,0.0,0.0,0.0,0.0
M,0.0,0.0,0.0,0.0
M,0.0,0.0,0.0,0.0
M,0.0,0.0,0.0,0.0
M,0.0,0.0,0.0,0.0
M,-0.0253236,0.0,0.0,-0.0253236
M,0.0,0.0,0.0,0.0
M,0.0,0.0,0.0,0.0
M,0.0,0.0,0.0,0.0
M,0.0,0.0,0.0,0.0
M,0.0,0.0,0.0,0.0
M,0.0,0.0,0.0,0.0
M,0.0627231,0.0,0.0,0.0627231
M,0.0,0.0,0.0,0.0
M,0.0,0.0,0.0,0.0
M,0.0,0.0,0.0,0.0
M,0.0,0.0,0.0,0.0
M,0.0,0.0,0.0,0.0
M,0.0,0.0,0.0,0.0
M,0.0,0.0,0.0,0.0
M,0.066922,0.0,0.0,0.066922
M,0.0,0.0,0.0,0.0
M,0.0,0.0,0.0,0.0
M,0.0,0.0,0.0,0.0
M,0.0,0.0,0.0,0.0
M,0.0,0.0,0.0,0.0
M,0.0,0.0,0.0,0.0
M,0.0,0.0,0.0,0.0
M,-0.0771733,0.0,0.0,-0.0771733
M,-0.020189,0.0,0.0,-0.020189
M,0.0,0.0,0.0,0.0
M,0.0,0.0,0.0,0.0
M,0.0,0.0,0.0,0.0
M,0.0,0.0,0.0,0.0
M,0.0,0.0,0.0,0.0
M,0.0,0.0,0.0,0.0
M,0.0,0.0,0.0,0.0
M,0.0,0.0,0.0,0.0
M,0.0,0.0,0.0,0.0
M,0.0,0.0,0.0,0.0
M,0.0,0.0,0.0,0.0
M,0.0,0.0,0.0,0.0
M,0.0,0.0,0.0,0.0
M,0.0,0.0,0.0,0.0
M,0.0,0.0,0.0,0.0
M,-0.0752334,0.0,0.0,-0.0752334
M,0.0,0.0,0.0,0.0
M,0.0,0.0,0.0,0.0
M,0.0,0.0,0.0,0.0
M,-0.0203438,0.0,0.0,-0.0203438
M,0.0,0.0,0.0,0.0
M,0.0,0.0,0.0,0.0
M,-0.0259498,0.0,0.0,-0.0259498
M,0.0,0.0,0.0,0.0
M,0.0,0.0,0.0,0.0
M,-0.0240199,0.0,0.0,-0.0240199
M,-0.0232511,0.0,0.0,-0.0232511
M,0.0,0.0,0.0,0.0
M,0.0,0.0,0.0,0.0
M,0.0,0.0,0.0,0.0
M,0.0,0.0,0.0,0.0
M,0.0,0.0,0.0,0.0
M,0.0,0.0,0.0,0.0
M,-0.0299488,0.0,0.0,-0.0299488
M,0.0450046,0.0,0.0,0.0450046
M,0.0,0.0,0.0,0.0
M,0.0,0.0,0.0,0.0
M,0.0193695,0.0,0.0,0.0193695
M,0.0,0.0,0.0,0.0
M,0.0,0.0,0.0,0.0
M,0.0,0.0,0.0,0.0
M,0.0,0.0,0.0,0.0
M,0.0168289,0.0,0.0,0.0168289
M,0.0,0.0,0.0,0.0
M,0.0340436,0.0,0.0,0.0340436
M,0.0,0.0,0.0,0.0
M,0.0170227,0.0,0.0,0.0170227
M,0.0,0.0,0.0,0.0
M,0.0,0.0,0.0,0.0
M,0.0,0.0,0.0,0.0
M,0.0,0.0,0.0,0.0
M,0.0,0.0,0.0,0.0
M,0.0,0.0,0.0,0.0
M,-0.0265906,0.0,0.0,-0.0265906
M,0.0,0.0,0.0,0.0
M,0.0,0.0,0.0,0.0
M,0.0,0.0,0.0,0.0
M,0.0,0.0,0.0,0.0
M,0.0,0.0,0.0,0.0
M,0.0,0.0,0.0,0.0
M,0.0,0.0,0.0,0.0
M,0.0,0.0,0.0,0.0
M,0.0,0.0,0.0,0.0
M,0.0,0.0,0.0,0.0
M,0.0,0.0,0.0,0.0
M,0.0,0.0,0.0,0.0
M,0.0105053,0.0,0.0,0.0105053
M,0.0,0.0,0.0,0.0
M,0.0,0.0,0.0,0.0
M,0.0,0.0,0.0,0.0
M,0.0,0.0,0.0,0.0
M,0.0,0.0,0.0,0.0
M,0.0,0.0,0.0,0.0
M,0.0,0.0,0.0,0.0
M,0.0,0.0,0.0,0.0
M,0.0,0.0,0.0,0.0
M,0.00960964,0.0,0.0,0.00960964
M,0.0,0.0,0.0,0.0
M,0.0,0.0,0.0,0.0
M,0.0,0.0,0.0,0.0
M,0.0,0.0,0.0,0.0
M,0.0,0.0,0.0,0.0
M,0.0,0.0,0.0,0.0
M,0.0,0.0,0.0,0.0
M,0.0,0.0,0.0,0.0
M,0.0,0.0,0.0,0.0
M,0.0,0.0,0.0,0.0
M,-0.0366616,0.0,0.0,-0.0366616
M,0.0,0.0,0.0,0.0
M,0.0,0.0,0.0,0.0
M,0.0,0.0,0.0,0.0
M,0.0487283,0.0,0.0,0.0487283
M,0.0,0.0,0.0,0.0
M,0.0,0.0,0.0,0.0
M,0.0,0.0,0.0,0.0
M,0.0,0.0,0.0,0.0
M,0.0,0.0,0.0,0.0
M,-0.0253236,0.0,0.0,-0.0253236
M,0.0,0.0,0.0,0.0
M,0.0,0.0,0.0,0.0
M,0.0,0.0,0.0,0.0
M,0.0,0.0,0.0,0.0
M,0.0,0.0,0.0,0.0
M,0.0373563,0.0,0.0,0.0373563
M,0.0,0.0,0.0,0.0
M,0.0,0.0,0.0,0.0
M,0.0,0.0,0.0,0.0
M,0.0347209,0.0,0.0,0.0347209
M,-0.00704165,0.0,0.0,-0.00704165
M,0.0,0.0,0.0,0.0
M,0.020607,0.0,0.0,0.020607
M,0.0,0.0,0.0,0.0
M,0.0,0.0,0.0,0.0
M,0.0815365,0.0,0.0,0.0815365
M,0.0,0.0,0.0,0.0
M,0.035629,0.0,0.0,0.035629
M,0.0,0.0,0.0,0.0
M,0.0,0.0,0.0,0.0
M,0.0,0.0,0.0,0.0
M,-0.0124705,0.0,0.0,-0.0124705
M,0.0,0.0,0.0,0.0
M,-0.0482671,0.0,0.0,-0.0482671
M,0.0,0.0,0.0,0.0
M,0.0512965,0.0,0.0,0.0512965
M,0.0,0.0,0.0,0.0
M,0.0,0.0,0.0,0.0
M,0.0,0.0,0.0,0.0
M,-0.0881631,0.0,0.0,-0.0881631
M,0.0,0.0,0.0,0.0
M,-0.0621699,0.0,0.0,-0.0621699
M,0.0,0.0,0.0,0.0
M,0.0,0.0,0.0,0.0
M,0.0,0.0,0.0,0.0
M,0.0,0.0,0.0,0.0
M,0.0,0.0,0.0,0.0
M,0.0,0.0,0.0,0.0
M,0.0,0.0,0.0,0.0
M,-0.00963797,0.0,0.0,-0.00963797
M,0.0,0.0,0.0,0.0
M,0.0,0.0,0.0,0.0
M,0.0,0.0,0.0,0.0
M,0.0,0.0,0.0,0.0
M,-0.0348882,0.0,0.0,-0.0348882
M,0.0,0.0,0.0,0.0
M,0.0,0.0,0.0,0.0
M,0.0,0.0,0.0,0.0
M,0.0,0.0,0.0,0.0
M,0.0,0.0,0.0,0.0
M,0.0,0.0,0.0,0.0
M,0.0,0.0,0.0,0.0
M,0.0,0.0,0.0,0.0
M,0.0,0.0,0.0,0.0
M,0.0,0.0,0.0,0.0
M,0.0,0.0,0.0,0.0
M,0.0,0.0,0.0,0.0
M,0.0,0.0,0.0,0.0
M,0.0,0.0,0.0,0.0
M,0.0815365,0.0,0.0,0.0815365
M,0.0,0.0,0.0,0.0
M,0.0,0.0,0.0,0.0
M,0.0,0.0,0.0,0.0
M,0.00225619,0.0,0.0,0.00225619
M,-0.0539279,0.0,0.0,-0.0539279
M,0.0,0.0,0.0,0.0
M,0.0,0.0,0.0,0.0
M,0.0,0.0,0.0,0.0
M,0.0,0.0,0.0,0.0
M,0.0,0.0,0.0,0.0
M,0.0,0.0,0.0,0.0
M,-0.0676427,0.0,0.0,-0.0676427
M,0.0,0.0,0.0,0.0
M,-0.0099346,0.0,0.0,-0.0099346
M,0.0,0.0,0.0,0.0
M,0.0,0.0,0.0,0.0
M,0.0,0.0,0.0,0.0
M,0.0,0.0,0.0,0.0
M,0.0,0.0,0.0,0.0
M,0.0349565,0.0,0.0,0.0349565
M,0.0,0.0,0.0,0.0
M,0.0,0.0,0.0,0.0
M,0.0,0.0,0.0,0.0
M,0.0,0.0,0.0,0.0
M,0.0,0.0,0.0,0.0
M,0.0,0.0,0.0,0.0
M,0.0,0.0,0.0,0.0
M,0.0,0.0,0.0,0.0
M,0.0,0.0,0.0,0.0
M,0.0,0.0,0.0,0.0
M,0.0,0.0,0.0,0.0
M,0.0,0.0,0.0,0.0
M,0.0,0.0,0.0,0.0
M,0.0,0.0,0.0,0.0
M,0.0,0.0,0.0,0.0
M,0.0,0.0,0.0,0.0
M,0.0,0.0,0.0,0.0
M,0.0,0.0,0.0,0.0
M,0.0,0.0,0.0,0.0
M,0.0,0.0,0.0,0.0
M,0.00567794,0.0,0.0,0.00567794
M,0.0,0.0,0.0,0.0
M,0.0,0.0,0.0,0.0
M,0.0,0.0,0.0,0.0
M,0.0512965,0.0,0.0,0.0512965
M,0.0,0.0,0.0,0.0
M,0.0,0.0,0.0,0.0
M,0.0,0.0,0.0,0.0
M,0.0405348,0.0,0.0,0.0405348
M,0.0,0.0,0.0,0.0
M,0.0,0.0,0.0,0.0
M,0.0,-0.0363709,-0.0363709,-0.0363709
M,0.0,0.0,0.0,0.0
M,0.0,0.0,0.0,0.0
M,0.112492,0.0,0.0,0.112492
M,0.0,0.0,0.0,0.0
M,0.0,0.0,0.0,0.0
M,0.0,0.0,0.0,0.0
M,0.0,0.0,0.0,0.0
M,0.0,0.0,0.0,0.0
M,0.0,0.0,0.0,0.0
M,0.0,0.0,0.0,0.0
M,0.0,0.0,0.0,0.0
M,-0.0638644,0.0,0.0,-0.0638644
M,0.0,0.0,0.0,0.0
M,0.0,0.0,0.0,0.0
M,0.0,0.0,0.0,0.0
M,0.0,0.0,0.0,0.0
M,-0.00622841,0.0,0.0,-0.00622841
M,0.0,0.0,0.0,0.0
M,0.0,0.0,0.0,0.0
M,0.0,0.0,0.0,0.0
M,0.0,0.0,0.0,0.0
M,0.0,0.0,0.0,0.0
M,0.0,0.0,0.0,0.0
M,0.0,0.0,0.0,0.0
M,0.0,0.0,0.0,0.0
M,0.0,0.0,0.0,0.0
M,0.0,0.0,0.0,0.0
M,0.0,0.0,0.0,0.0
M,0.0,0.0,0.0,0.0
M,0.0,0.0,0.0,0.0
M,0.0,0.0,0.0,0.0
M,0.0,0.0,0.0,0.0
M,0.0,0.0,0.0,0.0
M,0.0,0.0,0.0,0.0
M,0.0,0.0,0.0,0.0
M,0.0,0.0,0.0,0.0
M,0.0,0.0,0.0,0.0
M,0.0,0.0,0.0,0.0
M,0.0,0.0,0.0,0.0
M,0.0,0.0,0.0,0.0
M,0.0,0.0,0.0,0.0
M,0.0,0.0,0.0,0.0
M,0.0,0.0,0.0,0.0
M,0.0,0.0,0.0,0.0
M,0.0,0.0,0.0,0.0
M,0.0,0.0,0.0,0.0
M,0.0,0.0,0.0,0.0
M,0.0,0.0,0.0,0.0
M,0.0,0.0,0.0,0.0
M,0.0,0.0,0.0,0.0
M,0.0,0.0,0.0,0.0
M,0.0,0.0,0.0,0.0
M,0.0,0.0,0.0,0.0
M,0.0,0.0,0.0,0.0
M,0.0,0.0,0.0,0.0
M,-0.0242173,0.0,0.0,-0.0242173
M,0.0,0.0,0.0,0.0
M,-0.0606215,0.0,0.0,-0.0606215
M,0.0,0.0,0.0,0.0
M,0.0,0.0,0.0,0.0
M,-0.0159604,0.0,0.0,-0.0159604
M,0.0,-0.0334429,-0.0334429,-0.0334429
M,0.0,0.0,0.0,0.0
M,0.0,0.0,0.0,0.0
M,0.0,0.0,0.0,0.0
M,0.0,0.0,0.0,0.0
M,0.0,0.0,0.0,0.0
M,0.0,0.0,0.0,0.0
M,0.0,0.0,0.0,0.0
M,0.0,0.0,0.0,0.0
M,0.0,0.0,0.0,0.0
M,0.0,0.0,0.0,0.0
M,0.0,0.0,0.0,0.0
M,-0.104415,0.0,0.0,-0.104415
M,0.0,0.0,0.0,0.0
M,0.0,0.0,0.0,0.0
M,0.0,0.0,0.0,0.0
M,0.0,0.0,0.0,0.0
M,0.00212718,0.0,0.0,0.00212718
M,0.0,0.0,0.0,0.0
M,0.0,0.0,0.0,0.0
M,0.0,0.0,0.0,0.0
M,0.0,0.0,0.0,0.0
M,0.0,0.0,0.0,0.0
M,0.0,0.0,0.0,0.0
M,0.00960964,0.0,0.0,0.00960964
M,0.10836,0.0,0.0,0.10836
M,0.0,0.0,0.0,0.0
M,0.0,0.0,0.0,0.0
M,0.0,0.0,0.0,0.0
M,0.0289515,0.0,0.0,0.0289515
M,0.0,0.0,0.0,0.0
M,-0.0797463,0.0,0.0,-0.0797463
M,0.0,0.0,0.0,0.0
M,0.0,0.0,0.0,0.0
M,0.0,0.0,0.0,0.0
M,0.0,0.0,0.0,0.0
M,0.0,0.0,0.0,0.0
M,0.0,0.0,0.0,0.0
M,0.0,0.0,0.0,0.0
M,0.0,0.0,0.0,0.0
M,0.0,0.0,0.0,0.0
M,0.0,0.0,0.0,0.0
M,0.0,0.0,0.0,0.0
M,0.0,0.0,0.0,0.0
M,0.0,0.0,0.0,0.0
M,0.0,0.0,0.0,0.0
M,-0.0234727,0.0,0.0,-0.0234727
M,0.0,0.0,0.0,0.0
M,0.0,0.0,0.0,0.0
M,0.0,0.0,0.0,0.0
M,0.0,0.0,0.0,0.0
M,-0.0388806,0.0,0.0,-0.0388806
M,0.0,0.0,0.0,0.0
M,0.0,0.0,0.0,0.0
M,0.0,0.0,0.0,0.0
M,0.0,0.0,0.0,0.0
M,0.0,0.0,0.0,0.0
M,0.0,0.0,0.0,0.0
M,0.0,0.0,0.0,0.0
M,0.0,0.0,0.0,0.0
M,0.0,0.0,0.0,0.0
M,0.0,0.0,0.0,0.0
M,0.0,0.0,0.0,0.0
M,0.0,0.0,0.0,0.0
M,0.0,0.0,0.0,0.0
M,0.0,0.0,0.0,0.0
M,0.0,0.0,0.0,0.0
M,0.0,0.0,0.0,0.0
M,-0.0409857,0.0,0.0,-0.0409857
M,0.0,0.0,0.0,0.0
M,0.0,0.0,0.0,0.0
M,0.0,0.0,0.0,0.0
M,0.0350044,0.0,0.0,0.0350044
M,0.0,0.0,0.0,0.0
M,-0.0124705,0.0,0.0,-0.0124705
M,0.0,0.0,0.0,0.0
M,0.0988508,0.0,0.0,0.0988508
M,0.0,0.0,0.0,0.0
M,0.0,0.0,0.0,0.0
M,0.0,0.0,0.0,0.0
M,0.0,0.0,0.0,0.0
M,0.0,0.0,0.0,0.0
M,-0.0388806,0.0,0.0,-0.0388806
M,0.0,0.0,0.0,0.0
M,0.0113253,0.0,0.0,0.0113253
M,0.0,0.0,0.0,0.0
M,-0.0232511,0.0,0.0,-0.0232511
M,0.0,0.0,0.0,0.0
M,0.0,0.0,0.0,0.0
M,0.0,0.0,0.0,0.0
M,0.0,0.0,0.0,0.0
M,0.0,0.0,0.0,0.0
M,-0.0232511,0.0,0.0,-0.0232511
M,0.0,0.0,0.0,0.0
M,0.0,0.0,0.0,0.0
M,-0.0126531,0.0,0.0,-0.0126531
M,0.0,0.0,0.0,0.0
M,0.0,0.0,0.0,0.0
M,0.0,0.0,0.0,0.0
M,0.0,0.0,0.0,0.0
M,0.119596,0.0,0.0,0.119596
M,0.0,0.0,0.0,0.0
M,0.0,0.0,0.0,0.0
M,0.0,0.0,0.0,0.0
M,-0.0407486,0.0,0.0,-0.0407486
M,0.0,0.0,0.0,0.0
M,-0.0216012,0.0,0.0,-0.0216012
M,0.0208458,0.0,0.0,0.0208458
M,0.0,0.0,0.0,0.0
M,0.0,0.0,0.0,0.0
M,0.0,0.0,0.0,0.0
M,0.0,0.0,0.0,0.0
M,0.0,0.0,0.0,0.0
M,0.0,0.0,0.0,0.0
M,0.00289674,0.0,0.0,0.00289674
M,0.0,0.0,0.0,0.0
M,0.0,0.0,0.0,0.0
M,0.0,0.0,0.0,0.0
M,0.0,0.0,0.0,0.0
M,0.0,0.0,0.0,0.0
M,0.0,0.0,0.0,0.0
M,0.0,0.0,0.0,0.0
M,0.0,0.0,0.0,0.0
M,0.00289674,0.0,0.0,0.00289674
M,0.0,0.0,0.0,0.0
M,0.0,0.0,0.0,0.0
M,0.0,0.0,0.0,0.0
M,0.0,0.0,0.0,0.0
M,0.0,0.0,0.0,0.0
M,0.0,0.0,0.0,0.0
M,0.014391,0.0,0.0,0.014391
M,0.0,0.0,0.0,0.0
M,0.0,0.0,0.0,0.0
M,0.0,0.0,0.0,0.0
M,0.0,0.0,0.0,0.0
M,0.0,0.0,0.0,0.0
M,0.0,0.0,0.0,0.0
M,0.0,0.0,0.0,0.0
M,0.0,0.0,0.0,0.0
M,-0.0388806,0.0,0.0,-0.0388806
M,0.0,0.0,0.0,0.0
M,0.0,0.0,0.0,0.0
M,0.0,0.0,0.0,0.0
M,0.0,0.0,0.0,0.0
M,0.0,0.0,0.0,0.0
M,0.0,0.0,0.0,0.0
M,0.0,0.0,0.0,0.0
M,0.0,0.0,0.0,0.0
M,0.0,0.0,0.0,0.0
M,0.0,0.0,0.0,0.0
M,0.0,0.0,0.0,0.0
M,0.0,0.0,0.0,0.0
M,0.0,0.0,0.0,0.0
M,0.0,0.0,0.0,0.0
M,-0.0431001,0.0,0.0,-0.0431001
M,0.0,0.0,0.0,0.0
M,0.0,0.0,0.0,0.0
M,0.0208458,0.0,0.0,0.0208458
M,0.0,0.0,0.0,0.0
M,0.0,0.0,0.0,0.0
M,0.0,0.0,0.0,0.0
M,0.0,0.0,0.0,0.0
M,0.0,0.0,0.0,0.0
M,0.0,0.0,0.0,0.0
M,0.0,0.0,0.0,0.0
M,0.0,0.0,0.0,0.0
M,-0.0173971,0.0,0.0,-0.0173971
M,0.0,0.0,0.0,0.0
M,0.0,-0.0212049,-0.0212049,-0.0212049
M,0.0,0.0,0.0,0.0
M,0.0,0.0,0.0,0.0
M,0.0,0.0,0.0,0.0
M,0.0,0.0,0.0,0.0
M,0.0,0.0,0.0,0.0
M,0.0,0.0,0.0,0.0
M,0.0,0.0,0.0,0.0
M,0.0,0.0,0.0,0.0
M,0.0,0.0,0.0,0.0
M,0.0,0.0,0.0,0.0
M,0.0,0.0,0.0,0.0
M,0.0,0.0,0.0,0.0
M,0.0,0.0,0.0,0.0
M,0.0,0.0,0.0,0.0
M,0.0,0.0,0.0,0.0
M,-0.068994,0.0,0.0,-0.068994
M,0.0,0.0,0.0,0.0
M,0.0,0.0,0.0,0.0
M,0.0,0.0,0.0,0.0
M,0.0,0.0,0.0,0.0
M,0.0,0.0,0.0,0.0
M,0.0,0.0,0.0,0.0
M,0.0,0.0,0.0,0.0
M,0.0,0.0,0.0,0.0
M,0.0,0.0,0.0,0.0
M,0.0,0.0,0.0,0.0
M,0.0,0.0,0.0,0.0
M,0.0,0.0,0.0,0.0
M,0.0,0.0,0.0,0.0
M,0.0,0.0,0.0,0.0
M,0.0,0.0,0.0,0.0
M,0.0,0.0,0.0,0.0
M,0.0,0.0,0.0,0.0
M,-0.0285244,0.0,0.0,-0.0285244
M,0.0,0.0,0.0,0.0
M,0.0,0.0,0.0,0.0
M,0.017942,0.0,0.0,0.017942
M,0.0,0.0,0.0,0.0
M,0.0,0.0,0.0,0.0
M,0.0,0.0,0.0,0.0
M,0.0,0.0,0.0,0.0
M,0.0,0.0,0.0,0.0
M,0.0,0.0,0.0,0.0
M,0.0,0.0,0.0,0.0
M,0.0,0.0,0.0,0.0
M,0.0,-0.0357328,-0.0357328,-0.0357328
M,0.0,0.0,0.0,0.0
M,0.0,0.0,0.0,0.0
M,-0.0539279,0.0,0.0,-0.0539279
M,0.0,0.0,0.0,0.0
M,-0.0505198,0.0,0.0,-0.0505198
M,0.0,0.0,0.0,0.0
M,0.0,0.0,0.0,0.0
M,0.0,0.0,0.0,0.0
M,0.00770298,0.0,0.0,0.00770298
M,0.0,0.018412,0.018412,0.018412
M,0.0,0.0,0.0,0.0
M,0.0,0.0,0.0,0.0
M,0.0,0.0,0.0,0.0
M,0.0,0.0,0.0,0.0
M,0.0,0.0,0.0,0.0
M,0.0,0.0,0.0,0.0
M,0.0,0.0,0.0,0.0
M,0.0,0.0,0.0,0.0
M,0.010455,0.0,0.0,0.010455
M,0.0,0.0,0.0,0.0
M,0.0,0.0,0.0,0.0
M,0.0,0.0,0.0,0.0
M,0.0,0.0,0.0,0.0
M,0.0,0.0,0.0,0.0
M,0.0,0.0,0.0,0.0
M,0.0,0.0,0.0,0.0
M,0.0,0.0,0.0,0.0
M,0.0,0.0,0.0,0.0
M,0.0,0.0,0.0,0.0
M,0.0,0.0,0.0,0.0
M,0.0,0.0,0.0,0.0
M,0.0,0.0,0.0,0.0
M,0.0265427,0.0,0.0,0.0265427
M,-0.0253236,0.0,0.0,-0.0253236
M,0.0,0.0,0.0,0.0
M,0.0,0.0,0.0,0.0
M,0.0,0.0,0.0,0.0
M,0.0,0.0,0.0,0.0
M,0.0,0.0,0.0,0.0
M,0.0,0.0,0.0,0.0
M,0.0,0.0,0.0,0.0
M,-0.0354525,0.0,0.0,-0.0354525
M,0.0,0.095459,0.095459,0.095459
M,0.0,0.0,0.0,0.0
M,0.0,0.0,0.0,0.0
M,0.0,0.0,0.0,0.0
M,0.0,0.0,0.0,0.0
M,0.0,0.0,0.0,0.0
M,0.0,0.0,0.0,0.0
M,0.0,0.0,0.0,0.0
M,0.0,0.0,0.0,0.0
M,0.0,0.0,0.0,0.0
M,0.0,0.0,0.0,0.0
M,0.0,0.0,0.0,0.0
M,-0.0232511,0.0,0.0,-0.0232511
M,0.0,0.0181466,0.0181466,0.0181466
M,0.0,0.0,0.0,0.0
M,0.0,0.0,0.0,0.0
M,0.0,0.0,0.0,0.0
M,0.0,0.0,0.0,0.0
M,0.0,0.0,0.0,0.0
M,-0.0590427,0.0,0.0,-0.0590427
M,0.0,0.0,0.0,0.0
M,0.0,0.0,0.0,0.0
M,0.0,0.0,0.0,0.0
M,0.0,0.0,0.0,0.0
M,0.0375188,0.0,0.0,0.0375188
M,0.0,0.0,0.0,0.0
M,0.0057216,0.0,0.0,0.0057216
M,0.0,-0.0334429,-0.0334429,-0.0334429
M,0.0,0.0,0.0,0.0
M,0.0,0.0,0.0,0.0
M,0.0,0.0,0.0,0.0
M,0.0,0.0,0.0,0.0
M,0.0,0.0,0.0,0.0
M,0.0,0.0,0.0,0.0
M,0.0,0.0,0.0,0.0
M,-0.0585405,0.0,0.0,-0.0585405
M,0.0,0.0,0.0,0.0
M,0.0,0.0,0.0,0.0
M,0.0,0.0,0.0,0.0
M,0.0,0.0,0.0,0.0
M,0.0,0.0,0.0,0.0
M,0.0,0.0,0.0,0.0
M,-0.0216012,0.0,0.0,-0.0216012
M,0.0,0.0,0.0,0.0
M,0.0,0.0,0.0,0.0
M,0.0,0.0,0.0,0.0
M,0.0,0.0,0.0,0.0
M,0.0,0.0,0.0,0.0
M,0.0,0.0,0.0,0.0
M,0.00667579,0.0,0.0,0.00667579
M,0.0,-0.0357328,-0.0357328,-0.0357328
M,0.0,0.0,0.0,0.0
M,0.0,0.0,0.0,0.0
M,0.0,0.0,0.0,0.0
M,0.0,0.0,0.0,0.0
M,0.0,0.0,0.0,0.0
M,0.0592542,0.0,0.0,0.0592542
M,0.0618512,0.0,0.0,0.0618512
M,-0.00321305,0.0,0.0,-0.00321305
M,0.0,0.0,0.0,0.0
M,0.0,0.0,0.0,0.0
M,0.0,0.0,0.0,0.0
M,0.0,0.0,0.0,0.0
M,0.0,0.0,0.0,0.0
M,0.0,0.0,0.0,0.0
M,0.0,0.0,0.0,0.0
M,0.0,0.0,0.0,0.0
M,0.0,0.0,0.0,0.0
M,0.0,0.0,0.0,0.0
M,0.0,0.0,0.0,0.0
M,0.0638539,0.0,0.0,0.0638539
M,-0.00531269,0.0,0.0,-0.00531269
M,0.0,0.0,0.0,0.0
M,0.0,0.0,0.0,0.0
M,0.0,0.0,0.0,0.0
M,0.0,0.0,0.0,0.0
M,0.0,0.0,0.0,0.0
M,0.0,0.0,0.0,0.0
M,-0.0367539,0.0,0.0,-0.0367539
M,0.0,0.0,0.0,0.0
M,0.0,0.0,0.0,0.0
M,0.0,0.0,0.0,0.0
M,0.0279678,0.0,0.0,0.0279678
M,0.0,0.0,0.0,0.0
M,0.0,0.0,0.0,0.0
M,0.0,0.0,0.0,0.0
M,0.0,0.0,0.0,0.0
M,0.0,0.0,0.0,0.0
M,0.0,0.0,0.0,0.0
M,0.0302896,0.0,0.0,0.0302896
M,0.0,0.0,0.0,0.0
M,0.0,0.0,0.0,0.0
M,0.0,0.0,0.0,0.0
M,0.0,0.0,0.0,0.0
M,0.0,0.0,0.0,0.0
M,0.0,0.0,0.0,0.0
M,0.0,0.0,0.0,0.0
M,0.0,-0.0464586,-0.0464586,-0.0464586
M,0.0,0.0,0.0,0.0
M,0.0,0.0,0.0,0.0
M,0.0,0.0,0.0,0.0
M,0.0,0.0,0.0,0.0
M,0.00153839,0.0,0.0,0.00153839
M,-0.0539507,0.0,0.0,-0.0539507
M,0.0,0.0,0.0,0.0
M,0.0,0.0,0.0,0.0
M,-0.00407476,0.0,0.0,-0.00407476
M,0.0,0.0,0.0,0.0
M,0.0,0.0,0.0,0.0
M,0.0,0.0,0.0,0.0
M,0.0,0.0,0.0,0.0
M,0.0,0.0,0.0,0.0
M,0.0,0.0,0.0,0.0
M,0.0474753,0.0,0.0,0.0474753
M,0.0,0.0,0.0,0.0
M,0.0,0.0,0.0,0.0
M,0.0,0.0,0.0,0.0
M,0.0,0.0,0.0,0.0
M,0.0,0.0,0.0,0.0
M,0.0,0.0,0.0,0.0
M,0.0,-0.0334429,-0.0334429,-0.0334429
M,0.0,0.0,0.0,0.0
M,0.0,0.0,0.0,0.0
M,0.0,0.0,0.0,0.0
M,0.0,0.0,0.0,0.0
M,0.0,0.0,0.0,0.0
M,0.0,0.0,0.0,0.0
M,0.0,0.0,0.0,0.0
M,0.0,0.0,0.0,0.0
M,-0.0179912,0.0,0.0,-0.0179912
M,0.0,0.0,0.0,0.0
M,0.0,0.0,0.0,0.0
M,0.0,0.0,0.0,0.0
M,0.0,0.0,0.0,0.0
M,0.0,0.0,0.0,0.0
M,0.0,0.0,0.0,0.0
M,0.0,0.0,0.0,0.0
M,0.0,0.0,0.0,0.0
M,0.0,-0.0334429,-0.0334429,-0.0334429
M,0.0,0.0,0.0,0.0
M,0.0,0.0,0.0,0.0
M,0.0,0.0,0.0,0.0
M,0.0,0.0,0.0,0.0
M,0.0521586,0.07585,0.07585,0.128009
M,0.0,0.0,0.0,0.0
M,0.0,0.0,0.0,0.0
M,0.0,0.0,0.0,0.0
M,0.0,0.0,0.0,0.0
M,0.0,0.0,0.0,0.0
M,0.0,0.0,0.0,0.0
M,0.0,0.0,0.0,0.0
M,0.0,0.0,0.0,0.0
M,0.0,0.0,0.0,0.0
M,0.0,0.0,0.0,0.0
M,0.0,0.0,0.0,0.0
M,0.0,0.0,0.0,0.0
M,0.0,0.0,0.0,0.0
M,0.0,0.0,0.0,0.0
M,0.0,0.0,0.0,0.0
M,0.0896936,0.018412,0.018412,0.108106
M,0.0,0.0,0.0,0.0
M,0.0,0.0,0.0,0.0
M,0.0,0.0,0.0,0.0
M,0.0,-0.0363709,-0.0363709,-0.0363709
M,0.0,0.0,0.0,0.0
M,0.0,0.0,0.0,0.0
M,0.0,0.0,0.0,0.0
M,0.0,0.0,0.0,0.0
M,0.0,0.0,0.0,0.0
M,0.0,0.0,0.0,0.0
M,0.0,0.0,0.0,0.0
M,0.0,0.0,0.0,0.0
M,0.112492,0.0,0.0,0.112492
M,0.0,0.0,0.0,0.0
M,0.0409045,0.041607,0.041607,0.0825115
M,0.0223496,0.0,0.0,0.0223496
M,0.0,0.0,0.0,0.0
M,0.0,0.0,0.0,0.0
M,0.0,0.0,0.0,0.0
M,0.0,0.0,0.0,0.0
M,0.0,0.0,0.0,0.0
M,0.0,0.0,0.0,0.0
M,0.0,0.0,0.0,0.0
M,0.0,0.0,0.0,0.0
M,0.0,0.0,0.0,0.0
M,0.0,0.0,0.0,0.0
M,0.0,0.0,0.0,0.0
M,0.0,0.0,0.0,0.0
M,0.0,0.0,0.0,0.0
M,0.0,0.0,0.0,0.0
M,0.0,0.0,0.0,0.0
M,0.0303196,0.0,0.0,0.0303196
M,0.0,0.0,0.0,0.0
M,0.0,0.0,0.0,0.0
M,0.0575051,0.0,0.0,0.0575051
M,0.0,0.0,0.0,0.0
M,0.0,0.0,0.0,0.0
M,0.0,0.0,0.0,0.0
M,0.0,0.0,0.0,0.0
M,0.035629,0.0,0.0,0.035629
M,0.0,0.0,0.0,0.0
M,0.0,0.0,0.0,0.0
M,0.0,0.0,0.0,0.0
M,0.0,0.0,0.0,0.0
M,0.0,0.0,0.0,0.0
M,0.0,0.0,0.0,0.0
M,0.0,0.0,0.0,0.0
M,0.0,0.0,0.0,0.0
M,0.0,0.0,0.0,0.0
M,0.0,0.0,0.0,0.0
M,0.0,0.0,0.0,0.0
M,-0.0449327,0.0,0.0,-0.0449327
M,0.0,0.0,0.0,0.0
M,0.0,0.0,0.0,0.0
M,0.0271059,0.0,0.0,0.0271059
M,0.0371857,0.0,0.0,0.0371857
M,0.0,0.0,0.0,0.0
M,0.0,0.0,0.0,0.0
M,0.0,0.0,0.0,0.0
M,0.0,0.0,0.0,0.0
M,0.0,0.0,0.0,0.0
M,0.0,0.0,0.0,0.0
M,0.0,0.0,0.0,0.0
M,0.0,0.0,0.0,0.0
M,0.0,0.0,0.0,0.0
M,0.0,0.0,0.0,0.0
M,0.0,0.0,0.0,0.0
M,-0.0399065,0.0,0.0,-0.0399065
M,0.0182655,0.0,0.0,0.0182655
M,0.0,0.0,0.0,0.0
M,0.0,0.0,0.0,0.0
M,-0.00716796,0.0,0.0,-0.00716796
M,-0.020189,0.0,0.0,-0.020189
M,-0.0888008,0.0,0.0,-0.0888008
M,0.0,0.0,0.0,0.0
M,0.0516113,0.0,0.0,0.0516113
M,0.0,0.0,0.0,0.0
M,0.0,0.0,0.0,0.0
M,0.0,0.0,0.0,0.0
M,0.0,0.0,0.0,0.0
M,0.0,0.0,0.0,0.0
M,0.0,0.0,0.0,0.0
M,0.0,0.0,0.0,0.0
M,0.0,0.0,0.0,0.0
M,0.0,0.0,0.0,0.0
M,0.0,0.0,0.0,0.0
M,-0.0907242,0.0,0.0,-0.0907242
M,0.0,0.0,0.0,0.0
M,0.0,0.0,0.0,0.0
M,-0.0888008,0.0,0.0,-0.0888008
M,0.0,0.0,0.0,0.0
M,0.0,0.0,0.0,0.0
M,0.0,0.0,0.0,0.0
M,0.0,0.0,0.0,0.0
M,0.0,0.0,0.0,0.0
M,0.0,0.0,0.0,0.0
M,-0.0303974,0.0,0.0,-0.0303974
M,0.0,0.0,0.0,0.0
M,0.0,0.0,0.0,0.0
M,0.0,0.0,0.0,0.0
M,0.0,0.0,0.0,0.0
M,0.0,0.0,0.0,0.0
M,0.0,0.0,0.0,0.0
M,0.0,0.0,0.0,0.0
M,-0.0216012,0.0,0.0,-0.0216012
M,0.0,0.0,0.0,0.0
M,0.0,0.0,0.0,0.0
M,0.0,0.0,0.0,0.0
M,0.0,0.0,0.0,0.0
M,0.0,0.0,0.0,0.0
M,0.0,0.0,0.0,0.0
M,0.0,0.0,0.0,0.0
M,0.0,0.0,0.0,0.0
M,0.0,0.0,0.0,0.0
M,0.066922,0.0,0.0,0.066922
M,0.0,0.0,0.0,0.0
M,0.0,-0.0363709,-0.0363709,-0.0363709
M,0.0,0.0,0.0,0.0
M,0.0,0.0,0.0,0.0
M,0.0,0.0,0.0,0.0
M,0.0,0.0,0.0,0.0
M,0.0,0.0,0.0,0.0
M,-0.0399065,0.0,0.0,-0.0399065
M,0.0,0.0,0.0,0.0
M,0.0,0.0,0.0,0.0
M,0.0,0.0,0.0,0.0
M,0.0,0.0,0.0,0.0
M,0.0,0.0,0.0,0.0
M,0.0,0.0,0.0,0.0
M,0.00222174,0.0,0.0,0.00222174
M,0.0,0.0,0.0,0.0
M,0.0,0.0,0.0,0.0
M,0.0,0.0,0.0,0.0
M,0.016511,0.0,0.0,0.016511
M,0.0,0.0,0.0,0.0
M,0.0,0.0,0.0,0.0
M,0.0,0.0,0.0,0.0
M,0.0,0.0,0.0,0.0
M,0.0,0.0,0.0,0.0
M,0.0,0.0,0.0,0.0
M,0.0,0.0,0.0,0.0
M,0.0,0.0,0.0,0.0
M,0.0,0.0,0.0,0.0
M,0.0,0.0,0.0,0.0
M,0.0,0.0,0.0,0.0
M,0.0,0.0,0.0,0.0
M,0.0,0.0,0.0,0.0
M,0.0,0.0,0.0,0.0
M,0.0,0.0,0.0,0.0
M,0.0826577,0.0,0.0,0.0826577
M,0.0,0.0,0.0,0.0
M,0.0,0.0,0.0,0.0
M,0.0,0.0,0.0,0.0
M,0.0,0.0,0.0,0.0
M,0.0,0.0,0.0,0.0
M,0.0,0.0,0.0,0.0
M,0.0,0.0,0.0,0.0
M,0.0,0.0,0.0,0.0
M,0.0,0.0,0.0,0.0
M,0.0,0.0,0.0,0.0
M,0.0,0.0,0.0,0.0
M,0.0,0.0,0.0,0.0
M,0.0,0.0,0.0,0.0
M,0.0,0.0,0.0,0.0
M,0.0,0.0,0.0,0.0
M,0.0,0.0,0.0,0.0
M,0.0729169,0.0,0.0,0.0729169
M,0.0,0.0,0.0,0.0
M,-0.00400908,0.0,0.0,-0.00400908
M,0.0,0.0,0.0,0.0
M,0.0,0.0,0.0,0.0
M,-0.0449327,0.0,0.0,-0.0449327
M,0.0,0.0,0.0,0.0
M,0.0,0.0,0.0,0.0
M,0.0,0.0,0.0,0.0
M,0.0,0.0,0.0,0.0
M,0.0,0.0,0.0,0.0
M,0.0,0.0,0.0,0.0
M,0.0,0.0,0.0,0.0
M,0.0,0.0,0.0,0.0
M,0.0,0.0,0.0,0.0
M,-0.132876,0.0,0.0,-0.132876
M,0.0,0.0,0.0,0.0
M,0.0,0.0,0.0,0.0
M,-0.0278608,0.0,0.0,-0.0278608
M,-0.000779838,0.0,0.0,-0.000779838
M,0.0,0.0,0.0,0.0
M,0.0113966,0.0,0.0,0.0113966
M,0.104586,0.0,0.0,0.104586
M,0.0,0.0,0.0,0.0
M,0.0,0.0,0.0,0.0
M,0.0,0.0,0.0,0.0
M,0.0,0.0,0.0,0.0
M,0.0,0.0,0.0,0.0
M,0.0,0.0,0.0,0.0
M,0.0,0.0,0.0,0.0
M,0.0,0.0,0.0,0.0
M,0.0,0.0,0.0,0.0
M,0.0,0.0,0.0,0.0
M,-0.00681547,0.0,0.0,-0.00681547
M,0.0,0.0,0.0,0.0
M,0.0,0.0,0.0,0.0
M,0.0,0.0,0.0,0.0
M,0.0,0.0,0.0,0.0
M,0.0,0.0,0.0,0.0
M,0.0,0.0,0.0,0.0
M,0.0,0.0,0.0,0.0
M,0.0,0.0,0.0,0.0
M,0.0,0.0,0.0,0.0
M,0.0,0.0,0.0,0.0
M,0.0,0.0,0.0,0.0
M,0.0,0.0,0.0,0.0
M,0.0,0.0,0.0,0.0
M,0.0,0.0,0.0,0.0
M,0.0,0.0,0.0,0.0
M,0.0,0.0,0.0,0.0
M,0.0,0.0,0.0,0.0
M,0.0,0.0,0.0,0.0
M,0.0,0.0,0.0,0.0
M,0.0,0.0,0.0,0.0
M,0.0,0.0,0.0,0.0
M,0.0,0.0,0.0,0.0
M,0.0,0.0,0.0,0.0
M,0.0,0.0,0.0,0.0
M,-0.0179912,0.0,0.0,-0.0179912
M,0.0,0.0,0.0,0.0
M,0.0,0.0,0.0,0.0
M,0.0,0.0,0.0,0.0
M,0.0,0.0,0.0,0.0
M,0.0,0.0,0.0,0.0
M,0.0,0.0,0.0,0.0
M,0.0,0.0,0.0,0.0
M,0.0,0.0,0.0,0.0
M,0.0,0.0,0.0,0.0
M,0.0402019,0.0,0.0,0.0402019
M,0.0,0.0,0.0,0.0
M,0.0,0.0,0.0,0.0
M,0.0,0.0,0.0,0.0
M,0.0,0.0,0.0,0.0
M,0.0,0.0,0.0,0.0
M,0.0,0.0,0.0,0.0
M,0.0,0.0,0.0,0.0
M,0.0,0.0,0.0,0.0
M,0.0,0.0,0.0,0.0
M,0.0,0.0,0.0,0.0
M,0.0,0.0,0.0,0.0
M,0.0,0.0,0.0,0.0
M,0.0,0.0,0.0,0.0
M,0.0,0.0,0.0,0.0
M,0.0,0.0,0.0,0.0
M,0.0,0.0,0.0,0.0
M,0.0,0.0,0.0,0.0
M,0.0235964,0.0,0.0,0.0235964
M,0.0,0.0,0.0,0.0
M,0.0,0.0,0.0,0.0
M,0.0,0.0,0.0,0.0
M,0.0,0.0,0.0,0.0
M,0.0,0.0,0.0,0.0
M,-0.0294386,0.0,0.0,-0.0294386
M,0.0,0.0,0.0,0.0
M,0.0,0.0,0.0,0.0
M,0.0,0.0,0.0,0.0
M,0.0,0.0,0.0,0.0
M,0.0,0.0,0.0,0.0
M,0.0,0.0,0.0,0.0
M,0.0,0.0,0.0,0.0
M,0.0,0.0,0.0,0.0
M,0.0,0.0,0.0,0.0
M,0.0,0.0,0.0,0.0
M,-0.00130401,0.0,0.0,-0.00130401
M,0.0,0.0,0.0,0.0
M,0.0,0.0,0.0,0.0
M,0.0988508,0.0,0.0,0.0988508
M,0.0,0.0,0.0,0.0
M,0.0,0.0,0.0,0.0
M,0.0,0.0,0.0,0.0
M,0.0,0.0,0.0,0.0
M,0.0,0.0,0.0,0.0
M,0.0,0.0,0.0,0.0
M,0.0,0.0,0.0,0.0
M,0.0,0.0,0.0,0.0
M,0.0,0.0,0.0,0.0
M,0.0,0.0,0.0,0.0
M,-0.00805938,0.0,0.0,-0.00805938
M,0.0,0.0,0.0,0.0
M,0.0,0.0,0.0,0.0
M,-0.0612584,0.0,0.0,-0.0612584
M,0.0,0.0,0.0,0.0
M,0.0,0.0,0.0,0.0
M,0.0,0.0,0.0,0.0
M,0.0,0.0,0.0,0.0
M,0.0,0.0,0.0,0.0
M,-0.00200945,0.0,0.0,-0.00200945
M,0.0,0.0,0.0,0.0
M,0.0,0.0,0.0,0.0
M,0.0,0.0,0.0,0.0
M,0.0,0.0,0.0,0.0
M,0.120758,0.0,0.0,0.120758
M,0.0,0.0,0.0,0.0
M,-0.0407486,0.0,0.0,-0.0407486
M,0.0,0.0,0.0,0.0
M,0.0,0.0,0.0,0.0
M,0.0,0.0,0.0,0.0
M,0.0,0.0,0.0,0.0
M,0.0,0.0,0.0,0.0
M,0.0,0.0,0.0,0.0
M,0.0,0.0,0.0,0.0
M,0.0,0.0,0.0,0.0
M,0.0,0.0,0.0,0.0
M,0.0,0.0,0.0,0.0
M,0.0,0.0,0.0,0.0
M,-0.0099346,0.0,0.0,-0.0099346
M,0.0246452,0.0,0.0,0.0246452
M,0.0,0.0,0.0,0.0
M,0.0,0.0,0.0,0.0
M,0.0,0.0,0.0,0.0
M,0.0,0.0,0.0,0.0
M,0.0202146,0.0,0.0,0.0202146
M,0.0,0.0,0.0,0.0
M,0.0,0.0,0.0,0.0
M,0.0,0.0,0.0,0.0
M,0.0,0.0,0.0,0.0
M,0.0,0.0,0.0,0.0
M,-0.0232511,0.0,0.0,-0.0232511
M,0.0,0.0,0.0,0.0
M,0.0,0.0,0.0,0.0
M,0.0,0.0,0.0,0.0
M,0.0,0.0,0.0,0.0
M,0.0,0.0,0.0,0.0
M,0.0,0.0,0.0,0.0
M,0.00981349,0.0,0.0,0.00981349
M,0.0,0.0,0.0,0.0
M,0.0,0.0,0.0,0.0
M,0.0,0.0,0.0,0.0
M,0.0,0.0,0.0,0.0
M,0.0,0.0,0.0,0.0
M,0.0,0.0,0.0,0.0
M,0.0,0.0,0.0,0.0
M,0.0,0.0,0.0,0.0
M,0.0,0.0,0.0,0.0
M,0.0,0.0,0.0,0.0
M,0.0,0.0,0.0,0.0
M,0.0,0.0,0.0,0.0
M,0.0,0.0,0.0,0.0
M,0.0,0.0,0.0,0.0
M,0.0,0.0,0.0,0.0
M,-0.0233559,0.0,0.0,-0.0233559
M,0.0,0.0,0.0,0.0
M,0.0,0.0,0.0,0.0
M,0.0,0.0,0.0,0.0
M,0.0,0.0,0.0,0.0
M,0.0,0.0,0.0,0.0
M,0.0,0.0,0.0,0.0
M,0.0,0.0,0.0,0.0
M,0.0,0.0,0.0,0.0
M,0.0476479,0.0,0.0,0.0476479
M,0.0,0.0,0.0,0.0
M,0.0,0.0,0.0,0.0
M,0.0470411,0.0,0.0,0.0470411
M,0.0,0.0,0.0,0.0
M,0.0,0.0,0.0,0.0
M,0.0,0.0,0.0,0.0
M,0.0,0.0,0.0,0.0
M,0.0,0.0,0.0,0.0
M,0.0,0.0,0.0,0.0
M,-0.0405432,0.0,0.0,-0.0405432
M,0.0,0.0,0.0,0.0
M,0.0,0.0,0.0,0.0
M,-0.0667184,0.0,0.0,-0.0667184
M,0.0,0.0,0.0,0.0
M,0.0,0.0,0.0,0.0
M,-0.132876,0.0,0.0,-0.132876
M,0.0,0.0,0.0,0.0
M,0.0,0.0,0.0,0.0
M,0.0,0.0,0.0,0.0
M,0.0,0.0,0.0,0.0
M,0.0,0.0,0.0,0.0
M,0.0,0.0,0.0,0.0
M,0.0,0.0,0.0,0.0
M,0.0,0.0,0.0,0.0
M,0.0,0.0,0.0,0.0
M,0.0,0.0,0.0,0.0
M,0.0,0.0,0.0,0.0
M,0.0,0.0,0.0,0.0
M,0.0,0.0,0.0,0.0
M,0.0,0.0,0.0,0.0
M,0.0729169,0.0,0.0,0.0729169
M,0.0,0.0,0.0,0.0
M,0.0,0.0,0.0,0.0
M,0.0,0.0,0.0,0.0
M,0.0747945,0.0,0.0,0.0747945
M,-0.0393244,0.0,0.0,-0.0393244
M,0.0,0.0,0.0,0.0
M,0.0,0.0,0.0,0.0
M,0.0,0.0,0.0,0.0
M,0.0,0.0,0.0,0.0
M,0.0,0.0,0.0,0.0
M,0.0,0.0,0.0,0.0
M,0.0,0.0,0.0,0.0
M,0.0,0.0,0.0,0.0
M,-0.00704165,0.0,0.0,-0.00704165
M,0.0439011,0.0,0.0,0.0439011
M,0.0,0.0,0.0,0.0
M,0.0575641,0.0,0.0,0.0575641
M,0.0,0.0,0.0,0.0
M,0.0349565,0.0,0.0,0.0349565
M,0.0,0.0,0.0,0.0
M,0.0,0.0,0.0,0.0
M,0.0,0.0,0.0,0.0
M,0.0,0.0,0.0,0.0
M,0.0,0.0,0.0,0.0
M,0.0,0.0,0.0,0.0
M,0.0,0.0,0.0,0.0
M,0.0,0.0,0.0,0.0
M,0.0,0.0,0.0,0.0
M,0.0988508,0.0,0.0,0.0988508
M,0.0,0.0,0.0,0.0
M,0.0,0.0,0.0,0.0
M,0.0,0.0,0.0,0.0
M,0.0,0.0,0.0,0.0
M,0.0,0.0,0.0,0.0
M,0.0,0.0,0.0,0.0
M,0.0,0.0,0.0,0.0
M,0.0,0.0,0.0,0.0
M,0.0,0.0,0.0,0.0
M,0.0,0.0,0.0,0.0
M,-0.0388806,0.0,0.0,-0.0388806
M,0.0,0.0,0.0,0.0
M,0.0,0.0,0.0,0.0
M,0.0,0.0,0.0,0.0
M,0.0,0.0,0.0,0.0
M,0.0,0.0,0.0,0.0
M,0.0,0.0,0.0,0.0
M,-0.0303073,0.0,0.0,-0.0303073
M,0.0,0.0,0.0,0.0
M,0.0,0.0,0.0,0.0
M,0.0,0.0,0.0,0.0
M,0.0,0.0,0.0,0.0
M,0.0,0.0,0.0,0.0
M,0.0,0.0,0.0,0.0
M,0.0,0.0,0.0,0.0
M,0.0,0.0,0.0,0.0
M,-0.0456105,0.0,0.0,-0.0456105
M,0.0,0.0,0.0,0.0
M,0.0,0.0,0.0,0.0
M,0.0,0.0,0.0,0.0
M,0.0,0.0,0.0,0.0
M,0.0,0.0,0.0,0.0
M,0.017947,0.0,0.0,0.017947
M,0.0,0.0,0.0,0.0
M,-0.00835385,0.0,0.0,-0.00835385
M,0.0,0.0,0.0,0.0
M,0.026648,0.0,0.0,0.026648
M,0.0,0.0,0.0,0.0
M,0.0,0.0,0.0,0.0
M,0.0,0.0,0.0,0.0
M,0.0,0.0,0.0,0.0
M,0.0,0.0,0.0,0.0
M,0.0,0.0,0.0,0.0
M,0.0,0.0,0.0,0.0
M,0.0205986,0.0,0.0,0.0205986
M,0.0,0.0,0.0,0.0
M,0.0,0.0,0.0,0.0
M,-0.0235823,0.0,0.0,-0.0235823
M,0.0,0.0,0.0,0.0
M,0.0525066,0.0,0.0,0.0525066
M,0.0,0.0,0.0,0.0
M,0.0,0.0,0.0,0.0
M,0.0,0.0,0.0,0.0
M,0.0,-0.0357328,-0.0357328,-0.0357328
M,0.0,0.0,0.0,0.0
M,0.0,0.0,0.0,0.0
M,-0.0399065,0.0,0.0,-0.0399065
M,-0.216865,0.0,0.0,-0.216865
M,0.0,0.0,0.0,0.0
M,0.0,0.0,0.0,0.0
M,0.0,0.0,0.0,0.0
M,0.00222174,0.0,0.0,0.00222174
M,0.0,0.0,0.0,0.0
M,0.0,0.0,0.0,0.0
M,0.0,0.0,0.0,0.0
M,0.0,0.0,0.0,0.0
M,0.0,0.0,0.0,0.0
M,0.0,0.0,0.0,0.0
M,0.0,0.0,0.0,0.0
M,0.0,0.0,0.0,0.0
M,0.0,0.0,0.0,0.0
M,0.0,0.0,0.0,0.0
M,0.0,0.0,0.0,0.0
M,-0.0360403,0.0,0.0,-0.0360403
M,0.0,0.0,0.0,0.0
M,0.0,0.0,0.0,0.0
M,0.0,0.0,0.0,0.0
M,0.0826577,0.0,0.0,0.0826577
M,0.0,0.0,0.0,0.0
M,0.0,0.0,0.0,0.0
M,0.0,0.0,0.0,0.0
M,-0.0444162,0.0,0.0,-0.0444162
M,0.0,0.0,0.0,0.0
M,0.0,0.0,0.0,0.0
M,0.0,0.0,0.0,0.0
M,0.0,0.0,0.0,0.0
M,0.0,0.0,0.0,0.0
M,0.0,0.0,0.0,0.0
M,0.0,-0.0334429,-0.0334429,-0.0334429
M,0.0,0.0,0.0,0.0
M,0.0,0.0,0.0,0.0
M,0.0,0.0,0.0,0.0
M,0.0,0.0,0.0,0.0
M,0.0,0.0,0.0,0.0
M,0.0,0.0,0.0,0.0
M,0.0,0.0,0.0,0.0
M,0.0,0.0,0.0,0.0
M,0.0,0.0,0.0,0.0
M,0.0,0.0,0.0,0.0
M,0.0,0.0,0.0,0.0
M,0.0,0.0,0.0,0.0
M,0.0,0.0,0.0,0.0
M,0.0,0.0,0.0,0.0
M,0.0,0.0,0.0,0.0
M,0.0,0.0,0.0,0.0
M,0.0988508,0.0,0.0,0.0988508
M,0.0,0.0,0.0,0.0
M,0.0,0.0,0.0,0.0
M,0.0,0.0,0.0,0.0
M,0.0,0.0,0.0,0.0
M,0.0,0.0,0.0,0.0
M,0.0,0.0,0.0,0.0
M,0.0675931,0.0,0.0,0.0675931
M,0.0118169,0.0,0.0,0.0118169
M,0.0,0.0,0.0,0.0
M,0.0,0.0,0.0,0.0
M,0.0,0.0,0.0,0.0
M,0.0,0.0,0.0,0.0
M,0.0974026,0.0,0.0,0.0974026
M,0.0,0.0,0.0,0.0
M,0.0,-0.0212049,-0.0212049,-0.0212049
M,0.0,0.0,0.0,0.0
M,0.0,0.0,0.0,0.0
M,0.0,0.0,0.0,0.0
M,-0.0316742,0.0,0.0,-0.0316742
M,0.0,0.0,0.0,0.0
M,0.0,0.0,0.0,0.0
M,0.0,0.0,0.0,0.0
M,0.0,0.0,0.0,0.0
M,0.0,0.0,0.0,0.0
M,0.072639,0.0,0.0,0.072639
M,0.0,0.0,0.0,0.0
M,0.0,0.0,0.0,0.0
M,-0.0621435,0.0,0.0,-0.0621435
M,0.0,0.0,0.0,0.0
M,0.0,0.0,0.0,0.0
M,-0.0123671,0.0,0.0,-0.0123671
M,0.0,0.0,0.0,0.0
M,0.0,0.0,0.0,0.0
M,0.0,0.0,0.0,0.0
M,-0.0227476,0.0,0.0,-0.0227476
M,0.0,0.0,0.0,0.0
M,0.0,0.0,0.0,0.0
M,0.0,0.0,0.0,0.0
M,0.0,0.0,0.0,0.0
M,0.0,0.0,0.0,0.0
M,0.0,0.0,0.0,0.0
M,0.0,0.0,0.0,0.0
M,0.0,0.0,0.0,0.0
M,0.0,0.0,0.0,0.0
M,0.0,0.0,0.0,0.0
M,-0.0102563,0.0,0.0,-0.0102563
M,0.111967,0.0,0.0,0.111967
M,0.0,0.0,0.0,0.0
M,0.0172888,0.0,0.0,0.0172888
M,0.0,0.0,0.0,0.0
M,0.0,0.0,0.0,0.0
M,0.0,0.0,0.0,0.0
M,0.0,0.0,0.0,0.0
M,0.0,0.0,0.0,0.0
M,0.00981349,0.0,0.0,0.00981349
M,0.0,0.0,0.0,0.0
M,0.0,0.0,0.0,0.0
M,0.0,0.0,0.0,0.0
M,0.0,0.0,0.0,0.0
M,0.0,0.0,0.0,0.0
M,0.0,0.0,0.0,0.0
M,0.0,0.0,0.0,0.0
M,0.0,0.0,0.0,0.0
M,0.0,0.0,0.0,0.0
M,0.0,0.0,0.0,0.0
M,0.0,0.0,0.0,0.0
M,0.0,0.0,0.0,0.0
M,0.0,0.0,0.0,0.0
M,0.0,0.0,0.0,0.0
M,0.0,0.0,0.0,0.0
M,-0.00157582,0.0,0.0,-0.00157582
M,0.0,0.0,0.0,0.0
M,-0.0388806,0.0,0.0,-0.0388806
M,0.0,0.0,0.0,0.0
M,0.0775474,0.0,0.0,0.0775474
M,0.0,0.0,0.0,0.0
M,0.0,0.0,0.0,0.0
M,0.0,0.0,0.0,0.0
M,0.0,0.0,0.0,0.0
M,-0.0292862,0.0,0.0,-0.0292862
M,0.0,0.0,0.0,0.0
M,0.0,0.0,0.0,0.0
M,0.0,0.0,0.0,0.0
M,0.0172888,0.0,0.0,0.0172888
M,-0.0163119,0.0,0.0,-0.0163119
M,0.0,0.0,0.0,0.0
M,0.0,0.0,0.0,0.0
M,0.0,0.0,0.0,0.0
M,0.0,0.0,0.0,0.0
M,0.0,0.0,0.0,0.0
M,-0.0234727,0.0,0.0,-0.0234727
M,0.0213188,0.0,0.0,0.0213188
M,0.0,0.0,0.0,0.0
M,-0.00747949,0.0,0.0,-0.00747949
M,0.0,0.0,0.0,0.0
M,0.0,0.0,0.0,0.0
M,0.0,0.0,0.0,0.0
M,0.0,0.0,0.0,0.0
M,0.0,0.0,0.0,0.0
M,0.0,0.0,0.0,0.0
M,0.0,0.0,0.0,0.0
M,0.0,0.0,0.0,0.0
M,0.0,0.0,0.0,0.0
M,0.0,0.0,0.0,0.0
M,0.0,0.0,0.0,0.0
M,0.0,0.0,0.0,0.0
M,0.0,0.0,0.0,0.0
M,0.0,0.0,0.0,0.0
M,0.000943238,0.0,0.0,0.000943238
M,0.0,0.0,0.0,0.0
M,0.0,0.0,0.0,0.0
M,0.0,0.0,0.0,0.0
M,0.0422367,0.0,0.0,0.0422367
M,0.0,0.0,0.0,0.0
M,0.0,0.0,0.0,0.0
M,0.0402019,0.0,0.0,0.0402019
M,0.0,-0.0250496,-0.0250496,-0.0250496
M,0.0,0.0,0.0,0.0
M,0.0,0.0,0.0,0.0
M,0.0,0.0,0.0,0.0
M,0.0,0.0,0.0,0.0
M,0.0,0.0,0.0,0.0
M,0.0,0.0,0.0,0.0
M,0.0,0.0,0.0,0.0
M,0.0,0.0,0.0,0.0
M,0.0,0.0,0.0,0.0
M,0.0,0.0,0.0,0.0
M,0.0,0.0,0.0,0.0
M,-0.0868139,0.0,0.0,-0.0868139
M,0.0,0.0,0.0,0.0
M,0.0,0.0,0.0,0.0
M,0.0,0.0,0.0,0.0
M,0.0,0.0,0.0,0.0
M,0.0,0.0,0.0,0.0
M,0.0,0.0,0.0,0.0
M,0.0,0.0,0.0,0.0
M,0.0439011,0.0,0.0,0.0439011
M,0.0,0.0,0.0,0.0
M,0.0,0.0,0.0,0.0
M,0.0,0.0,0.0,0.0
M,0.0,0.0,0.0,0.0
M,0.0,0.0,0.0,0.0
M,0.0,0.0,0.0,0.0
M,0.0,0.0,0.0,0.0
M,0.0,0.0,0.0,0.0
M,0.0,0.0,0.0,0.0
M,0.0,0.0,0.0,0.0
M,0.0,0.0,0.0,0.0
M,-0.0325352,0.0,0.0,-0.0325352
M,0.0,0.0,0.0,0.0
M,0.0,0.0,0.0,0.0
M,-0.00357471,0.0,0.0,-0.00357471
M,0.0,0.0,0.0,0.0
M,0.0,0.0,0.0,0.0
M,0.0,0.0,0.0,0.0
M,0.0,0.0,0.0,0.0
M,0.0,0.0,0.0,0.0
M,0.0,0.0,0.0,0.0
M,0.0,0.0,0.0,0.0
M,0.0,0.0,0.0,0.0
M,-0.0836726,0.0,0.0,-0.0836726
M,0.0,0.0,0.0,0.0
M,0.0,0.0,0.0,0.0
M,-0.064945,0.0,0.0,-0.064945
M,0.0,0.0,0.0,0.0
M,0.0,0.0,0.0,0.0
M,0.0,0.0,0.0,0.0
M,0.0,0.0,0.0,0.0
M,0.0,0.0,0.0,0.0
M,0.0105053,0.0,0.0,0.0105053
M,0.0,0.0,0.0,0.0
M,0.0,0.0,0.0,0.0
M,-0.175814,0.0,0.0,-0.175814
M,0.0,0.0,0.0,0.0
M,0.0,0.0,0.0,0.0
M,0.0,0.0,0.0,0.0
M,0.0,0.0,0.0,0.0
M,0.0,0.0,0.0,0.0
M,0.0,0.0,0.0,0.0
M,0.0,0.0,0.0,0.0
M,0.0,0.0,0.0,0.0
M,0.0,0.0,0.0,0.0
M,0.0,0.0,0.0,0.0
M,0.0,0.0,0.0,0.0
M,-0.000357704,0.0,0.0,-0.000357704
M,-0.00681547,0.0,0.0,-0.00681547
M,0.0512965,0.0,0.0,0.0512965
M,0.0,0.0,0.0,0.0
M,0.0,0.0,0.0,0.0
M,0.0,0.0,0.0,0.0
M,0.0,0.0,0.0,0.0
M,0.0,0.0,0.0,0.0
M,0.0,0.0,0.0,0.0
M,0.0,0.0,0.0,0.0
M,0.0,0.0,0.0,0.0
M,0.0,0.0,0.0,0.0
M,0.0263535,0.0,0.0,0.0263535
M,0.0,0.0,0.0,0.0
M,0.0,0.0,0.0,0.0
M,0.0,0.0,0.0,0.0
M,0.0,0.0,0.0,0.0
M,0.0,0.0,0.0,0.0
M,0.0,0.0,0.0,0.0
M,0.00225299,0.0,0.0,0.00225299
M,0.0,0.0,0.0,0.0
M,0.0,0.0,0.0,0.0
M,0.0,0.0,0.0,0.0
M,0.0,-0.0334429,-0.0334429,-0.0334429
M,0.0682018,0.0,0.0,0.0682018
M,0.0,0.0,0.0,0.0
M,0.0,0.0,0.0,0.0
M,0.0,0.0,0.0,0.0
M,0.0,0.0,0.0,0.0
M,0.0318325,0.0,0.0,0.0318325
M,0.0541492,0.0,0.0,0.0541492
M,0.0,0.0,0.0,0.0
M,0.0,0.0,0.0,0.0
M,0.0,0.0,0.0,0.0
M,0.0136206,0.0,0.0,0.0136206
M,0.0,0.0,0.0,0.0
M,0.0,-0.0212049,-0.0212049,-0.0212049
M,0.0,0.0,0.0,0.0
M,-0.0501873,0.0,0.0,-0.0501873
M,0.0,0.0,0.0,0.0
M,-0.0903456,0.0,0.0,-0.0903456
M,0.0,0.0,0.0,0.0
M,0.0,0.0,0.0,0.0
M,0.0,0.0,0.0,0.0
M,0.0,0.0,0.0,0.0
M,0.0,0.0,0.0,0.0
M,0.0,0.0,0.0,0.0
M,0.0,0.0,0.0,0.0
M,0.0,0.0,0.0,0.0
M,0.0,0.0,0.0,0.0
M,0.0,0.0,0.0,0.0
M,0.0,0.0,0.0,0.0
M,0.00960964,0.0,0.0,0.00960964
M,0.0,0.0,0.0,0.0
M,0.0,0.0,0.0,0.0
M,-0.0689805,0.0,0.0,-0.0689805
M,0.0,0.0,0.0,0.0
M,0.0,0.0,0.0,0.0
M,0.0,0.0,0.0,0.0
M,0.0,0.0,0.0,0.0
M,0.0,0.0,0.0,0.0
M,0.0,0.0,0.0,0.0
M,0.0,0.0,0.0,0.0
M,0.0,0.0,0.0,0.0
M,0.0,0.0,0.0,0.0
M,-0.0482671,0.0,0.0,-0.0482671
M,-0.0267108,0.0,0.0,-0.0267108
M,0.0,0.0,0.0,0.0
M,0.0,0.0,0.0,0.0
M,0.0,0.0,0.0,0.0
M,0.0,0.0,0.0,0.0
M,0.0,0.0,0.0,0.0
M,0.0,0.0,0.0,0.0
M,0.0,0.0,0.0,0.0
M,0.0,0.0,0.0,0.0
M,-0.00358052,0.0,0.0,-0.00358052
M,0.0105053,0.0,0.0,0.0105053
M,0.0,0.0,0.0,0.0
M,0.0,0.0,0.0,0.0
M,0.0,0.0,0.0,0.0
M,0.0,0.0,0.0,0.0
M,0.0,0.0,0.0,0.0
M,0.0233128,0.0,0.0,0.0233128
M,-0.0142923,0.0,0.0,-0.0142923
M,0.0,0.0,0.0,0.0
M,0.0,0.0,0.0,0.0
M,0.0350044,0.0,0.0,0.0350044
M,0.0,0.0,0.0,0.0
M,0.0,0.0,0.0,0.0
M,0.0,0.0,0.0,0.0
M,0.0,0.0,0.0,0.0
M,0.0,0.0,0.0,0.0
M,0.0,0.0,0.0,0.0
M,0.0,0.0,0.0,0.0
M,0.0,0.0,0.0,0.0
M,0.0,0.0,0.0,0.0
M,0.0,0.0,0.0,0.0
M,0.0,0.0,0.0,0.0
M,0.0,0.0,0.0,0.0
M,0.0,0.0,0.0,0.0
M,0.00960964,0.0,0.0,0.00960964
M,0.0,0.0,0.0,0.0
M,0.0,0.0,0.0,0.0
M,0.0,0.0,0.0,0.0
M,-0.0441678,0.0,0.0,-0.0441678
M,0.0,0.0,0.0,0.0
M,0.0541492,0.0,0.0,0.0541492
M,0.0,0.0,0.0,0.0
M,0.0,0.0,0.0,0.0
M,0.0,0.0,0.0,0.0
M,0.0,0.0,0.0,0.0
M,0.0,0.0,0.0,0.0
M,-0.00495863,0.0,0.0,-0.00495863
M,0.0,0.0,0.0,0.0
M,0.0,0.0,0.0,0.0
M,-0.00233974,0.0,0.0,-0.00233974
M,0.0,0.0,0.0,0.0
M,0.0,0.0,0.0,0.0
M,0.0,0.0,0.0,0.0
M,0.0,0.0,0.0,0.0
M,0.0,0.0,0.0,0.0
M,0.0,0.0,0.0,0.0
M,0.0,0.0,0.0,0.0
M,-0.0216012,0.0,0.0,-0.0216012
M,0.0,0.0,0.0,0.0
M,0.0,0.0,0.0,0.0
M,0.0,0.0,0.0,0.0
M,-0.0629802,0.0,0.0,-0.0629802
M,0.0,0.0,0.0,0.0
M,0.0,0.0,0.0,0.0
M,0.0,0.0,0.0,0.0
M,0.0,0.0,0.0,0.0
M,0.0,0.0,0.0,0.0
M,0.0,0.0,0.0,0.0
M,0.0,0.07585,0.07585,0.07585
M,0.0,0.0,0.0,0.0
M,0.0,0.0,0.0,0.0
M,0.0,0.0,0.0,0.0
M,0.0,0.0,0.0,0.0
M,0.0,0.0,0.0,0.0
M,0.0521586,0.0,0.0,0.0521586
M,0.0,0.0,0.0,0.0
M,0.00269041,0.0,0.0,0.00269041
M,0.0,0.0,0.0,0.0
M,-0.0393014,0.0,0.0,-0.0393014
M,0.0,0.0,0.0,0.0
M,-0.0871932,0.0,0.0,-0.0871932
M,0.0,0.0,0.0,0.0
M,0.0,0.0,0.0,0.0
M,0.0,0.0,0.0,0.0
M,0.0,0.0,0.0,0.0
M,0.0,0.0,0.0,0.0
M,0.0,0.0,0.0,0.0
M,0.0,0.0,0.0,0.0
M,0.0,0.0,0.0,0.0
M,0.0546083,0.0,0.0,0.0546083
M,0.0,0.0,0.0,0.0
M,0.0,0.0,0.0,0.0
M,0.0,0.0,0.0,0.0
M,-0.0271377,0.0,0.0,-0.0271377
M,0.0,0.0,0.0,0.0
M,-0.0578528,0.0,0.0,-0.0578528
M,0.0,0.0,0.0,0.0
M,0.0,0.0,0.0,0.0
M,0.0,0.0,0.0,0.0
M,0.0154813,0.0,0.0,0.0154813
M,0.0,0.0,0.0,0.0
M,0.0,0.0,0.0,0.0
M,0.0,0.0,0.0,0.0
M,0.0,0.0,0.0,0.0
M,0.0,0.0,0.0,0.0
M,0.0,0.0,0.0,0.0
M,-0.046806,0.0,0.0,-0.046806
M,0.0,0.0,0.0,0.0
M,0.0,0.0,0.0,0.0
M,0.0,0.0,0.0,0.0
M,0.0,-0.0464586,-0.0464586,-0.0464586
M,0.0,0.0,0.0,0.0
M,0.0,0.0,0.0,0.0
M,0.0,0.0,0.0,0.0
M,0.0,0.0,0.0,0.0
M,0.0,0.0,0.0,0.0
M,0.0,0.0,0.0,0.0
M,0.0,0.0,0.0,0.0
M,0.0,0.0,0.0,0.0
M,0.0,0.0,0.0,0.0
M,0.0,0.0,0.0,0.0
M,0.0,0.0,0.0,0.0
M,0.0,0.0,0.0,0.0
M,0.0,0.0,0.0,0.0
M,-0.0487607,0.0,0.0,-0.0487607
M,0.0,0.0,0.0,0.0
M,0.0,0.0,0.0,0.0
M,0.0333058,0.0,0.0,0.0333058
M,-0.0373753,0.0,0.0,-0.0373753
M,0.0306976,0.0,0.0,0.0306976
M,0.0,0.0,0.0,0.0
M,0.0,0.0,0.0,0.0
M,0.00315082,0.0,0.0,0.00315082
M,0.0,0.0,0.0,0.0
M,0.0,0.0,0.0,0.0
M,-0.00765608,0.0,0.0,-0.00765608
M,0.0,0.0,0.0,0.0
M,0.0,0.0,0.0,0.0
M,0.0,0.0,0.0,0.0
M,0.0,0.0,0.0,0.0
M,0.0,0.0,0.0,0.0
M,0.0,0.0,0.0,0.0
M,0.0,0.0,0.0,0.0
M,0.0318325,0.0,0.0,0.0318325
M,0.0,0.0,0.0,0.0
M,-0.020189,0.0,0.0,-0.020189
M,0.0198068,0.0,0.0,0.0198068
M,0.0,0.0,0.0,0.0
M,0.0,0.0,0.0,0.0
M,0.0,0.0,0.0,0.0
M,0.0,0.0,0.0,0.0
M,-0.0156014,0.0,0.0,-0.0156014
M,0.0235992,0.0,0.0,0.0235992
M,0.0,0.0,0.0,0.0
M,0.0,0.0,0.0,0.0
M,0.0,0.0,0.0,0.0
M,0.0,0.0,0.0,0.0
M,0.0,0.0,0.0,0.0
M,0.0,0.0,0.0,0.0
M,-0.0399065,0.0,0.0,-0.0399065
M,0.0,0.0,0.0,0.0
M,0.0,0.0,0.0,0.0
M,0.0,0.0,0.0,0.0
M,0.0,0.0,0.0,0.0
M,0.0,0.0,0.0,0.0
M,0.0,0.0,0.0,0.0
M,0.0212209,0.0,0.0,0.0212209
M,0.0,0.0,0.0,0.0
M,0.0,0.0,0.0,0.0
M,0.000517474,0.0,0.0,0.000517474
M,-8.60815e-05,0.0,0.0,-8.60815e-05
M,0.0,0.0,0.0,0.0
M,0.0,0.0,0.0,0.0
M,-0.000316997,0.0,0.0,-0.000316997
M,0.0,0.0,0.0,0.0
M,0.0,0.0,0.0,0.0
M,-0.00458656,0.0,0.0,-0.00458656
M,0.0,0.0,0.0,0.0
M,0.0,0.0,0.0,0.0
M,0.0,0.0,0.0,0.0
M,-0.0567187,0.0,0.0,-0.0567187
M,0.0,0.0,0.0,0.0
M,0.0,0.0,0.0,0.0
M,0.0,0.0,0.0,0.0
M,0.0,0.0,0.0,0.0
M,0.0,0.0,0.0,0.0
M,0.0,0.0,0.0,0.0
M,0.0,0.0,0.0,0.0
M,-0.0348882,0.0,0.0,-0.0348882
M,0.0,0.0,0.0,0.0
M,0.0,0.0,0.0,0.0
M,0.0,0.0,0.0,0.0
M,0.019087,0.0,0.0,0.019087
M,0.0,0.0,0.0,0.0
M,0.0,0.0,0.0,0.0
M,0.0,0.0,0.0,0.0
M,0.0,0.0,0.0,0.0
M,0.0,0.0,0.0,0.0
M,0.0,0.0,0.0,0.0
M,0.0,0.0,0.0,0.0
M,-0.0366616,0.0,0.0,-0.0366616
M,0.0,0.0,0.0,0.0
M,0.0,0.0,0.0,0.0
M,0.0,0.0,0.0,0.0
M,0.0,0.0,0.0,0.0
M,0.139668,0.0,0.0,0.139668
M,-0.0304841,0.0,0.0,-0.0304841
M,0.0,0.0,0.0,0.0
M,0.0,0.0,0.0,0.0
M,0.0,0.0,0.0,0.0
M,0.0366775,0.0,0.0,0.0366775
M,0.0,0.0,0.0,0.0
M,0.0,0.0,0.0,0.0
M,0.0,0.0,0.0,0.0
M,0.0,0.0,0.0,0.0
M,0.0,0.0,0.0,0.0
M,0.0,0.0,0.0,0.0
M,0.0,0.0,0.0,0.0
M,0.0,0.0,0.0,0.0
M,0.0,0.0,0.0,0.0
M,0.0,0.0,0.0,0.0
M,0.0,0.0,0.0,0.0
M,0.0,0.0,0.0,0.0
M,0.0,0.0,0.0,0.0
M,-0.05461,0.0,0.0,-0.05461
M,0.0,0.0,0.0,0.0
M,0.0,0.0,0.0,0.0
M,0.0,0.0,0.0,0.0
M,0.0,0.0,0.0,0.0
M,0.0,0.0,0.0,0.0
M,0.0,0.0,0.0,0.0
M,0.0,0.0,0.0,0.0
M,0.026648,0.0,0.0,0.026648
M,0.0,0.0,0.0,0.0
M,0.0,0.0,0.0,0.0
M,0.0,0.0,0.0,0.0
M,0.0,0.0,0.0,0.0
M,-0.0200359,0.0,0.0,-0.0200359
M,0.0,0.0,0.0,0.0
M,0.035629,0.0,0.0,0.035629
M,0.0,0.0,0.0,0.0
M,0.0,0.0,0.0,0.0
M,0.0,0.0,0.0,0.0
M,0.0,0.0,0.0,0.0
M,0.0,0.0,0.0,0.0
M,0.0,0.0,0.0,0.0
M,0.0,0.0,0.0,0.0
M,0.0,0.0,0.0,0.0
M,-0.00531269,0.0,0.0,-0.00531269
M,0.0,0.0,0.0,0.0
M,0.0,0.0,0.0,0.0
M,0.0,0.0,0.0,0.0
M,0.0,0.0,0.0,0.0
M,0.0,0.0,0.0,0.0
M,0.0,0.0,0.0,0.0
M,0.0,0.0,0.0,0.0
M,0.0,0.0,0.0,0.0
M,0.0,0.0,0.0,0.0
M,-0.00160309,0.0,0.0,-0.00160309
M,0.0,0.0,0.0,0.0
M,0.0333681,0.0,0.0,0.0333681
M,0.0531177,0.0,0.0,0.0531177
M,0.0,0.0,0.0,0.0
M,0.0,0.0,0.0,0.0
M,0.0,0.0,0.0,0.0
M,0.0,0.0,0.0,0.0
M,0.0,0.0,0.0,0.0
M,0.0,0.0,0.0,0.0
M,0.0,0.0,0.0,0.0
M,0.0,0.0,0.0,0.0
M,-0.0385003,0.0,0.0,-0.0385003
M,0.0,0.0,0.0,0.0
M,0.0,0.0,0.0,0.0
M,0.0,0.0,0.0,0.0
M,0.0,0.0,0.0,0.0
M,0.0,0.0,0.0,0.0
M,0.0,0.0,0.0,0.0
M,0.0,0.0,0.0,0.0
M,0.0,0.0,0.0,0.0
M,0.0,0.0,0.0,0.0
M,0.0,0.0,0.0,0.0
M,0.0,0.0,0.0,0.0
M,0.0826577,0.0,0.0,0.0826577
M,-0.0377701,0.0,0.0,-0.0377701
M,0.0,0.0,0.0,0.0
M,0.0,0.0,0.0,0.0
M,0.0,0.0,0.0,0.0
M,0.0,0.0,0.0,0.0
M,0.0,0.0,0.0,0.0
M,0.0,0.0,0.0,0.0
M,0.0,0.0,0.0,0.0
M,0.0,0.0,0.0,0.0
M,0.0,0.0,0.0,0.0
M,0.0,0.0,0.0,0.0
M,-0.00983838,0.0,0.0,-0.00983838
M,0.0,0.0,0.0,0.0
M,0.0,0.0,0.0,0.0
M,0.0,0.0,0.0,0.0
M,0.0,0.0,0.0,0.0
M,0.0,0.0,0.0,0.0
M,0.0,0.0,0.0,0.0
M,-0.0299474,0.0,0.0,-0.0299474
M,0.0,0.0,0.0,0.0
M,0.0,0.0,0.0,0.0
M,0.021809,0.0,0.0,0.021809
M,0.0,0.0,0.0,0.0
M,0.0,0.0,0.0,0.0
M,0.0307816,0.0,0.0,0.0307816
M,0.0057216,0.0,0.0,0.0057216
M,0.0235992,0.0,0.0,0.0235992
M,0.0,0.0,0.0,0.0
M,0.0,0.0,0.0,0.0
M,0.0,0.0,0.0,0.0
M,0.0,0.0,0.0,0.0
M,0.0,0.0,0.0,0.0
M,0.0,0.0,0.0,0.0
M,0.0,0.0,0.0,0.0
M,0.0,0.0,0.0,0.0
M,0.0,0.0,0.0,0.0
M,0.0,0.0,0.0,0.0
M,0.0,0.0,0.0,0.0
M,0.0,0.0,0.0,0.0
M,0.0,0.0,0.0,0.0
M,0.0,0.0,0.0,0.0
M,-0.149138,0.0,0.0,-0.149138
M,0.014391,0.0,0.0,0.014391
M,0.0,0.0,0.0,0.0
M,0.0,0.0,0.0,0.0
M,0.0,0.0,0.0,0.0
M,0.0,0.0,0.0,0.0
M,0.0,0.0,0.0,0.0
M,0.00711811,0.0,0.0,0.00711811
M,0.0,-0.0334429,-0.0334429,-0.0334429
M,0.0,0.0,0.0,0.0
M,0.0,0.0,0.0,0.0
M,-0.0216012,0.0,0.0,-0.0216012
M,-0.100361,0.0,0.0,-0.100361
M,0.0,0.0,0.0,0.0
M,0.0,0.0,0.0,0.0
M,0.0,0.0,0.0,0.0
M,0.0,0.0,0.0,0.0
M,0.0,0.0,0.0,0.0
M,0.0,0.0,0.0,0.0
M,0.0,0.0,0.0,0.0
M,0.0,0.0,0.0,0.0
M,0.0,0.0,0.0,0.0
M,0.0,0.0,0.0,0.0
M,0.0,0.0,0.0,0.0
M,-0.110369,0.0,0.0,-0.110369
M,0.0,0.0,0.0,0.0
M,0.0,0.0,0.0,0.0
M,0.0,0.0,0.0,0.0
M,0.0,0.0,0.0,0.0
M,0.0,0.0,0.0,0.0
M,0.0,0.0,0.0,0.0
M,0.0,0.0,0.0,0.0
M,0.0,0.0,0.0,0.0
M,0.0,0.0,0.0,0.0
M,0.0,0.0,0.0,0.0
M,-0.0099346,0.0,0.0,-0.0099346
M,0.0,0.0,0.0,0.0
M,0.0,0.0,0.0,0.0
M,-0.0624172,0.0,0.0,-0.0624172
M,0.0,0.0,0.0,0.0
M,0.0,0.0,0.0,0.0
M,0.0,0.0,0.0,0.0
M,0.0,0.0,0.0,0.0
M,0.0,0.0,0.0,0.0
M,0.0,0.0,0.0,0.0
M,0.0,0.0,0.0,0.0
M,0.0,0.0,0.0,0.0
M,0.0,0.0,0.0,0.0
M,0.0,0.0,0.0,0.0
M,0.0,0.0,0.0,0.0
M,0.0,0.0,0.0,0.0
M,0.0,0.0,0.0,0.0
M,0.0,0.0,0.0,0.0
M,0.0,0.0,0.0,0.0
M,0.0,0.0,0.0,0.0
M,0.0,0.0,0.0,0.0
M,0.0,0.0,0.0,0.0
M,0.0,0.0,0.0,0.0
M,0.0,0.0,0.0,0.0
M,-0.0283628,0.0,0.0,-0.0283628
M,0.0,0.0,0.0,0.0
M,0.0,0.0,0.0,0.0
M,0.0,0.0,0.0,0.0
M,0.0,0.0,0.0,0.0
M,0.0,0.0,0.0,0.0
M,0.0,0.0,0.0,0.0
M,0.0,0.0,0.0,0.0
M,0.0,0.0,0.0,0.0
M,0.0,0.0,0.0,0.0
M,0.0,0.0,0.0,0.0
M,0.0,0.0,0.0,0.0
M,0.0192392,0.0,0.0,0.0192392
M,0.0,0.0,0.0,0.0
M,0.0,0.0,0.0,0.0
M,-0.0234727,0.0,0.0,-0.0234727
M,0.0,0.0,0.0,0.0
M,0.0,0.0,0.0,0.0
M,0.0,0.0,0.0,0.0
M,0.0,0.0,0.0,0.0
M,-0.0847823,0.0,0.0,-0.0847823
M,0.0,0.0,0.0,0.0
M,-0.000703429,0.0,0.0,-0.000703429
M,0.0,0.0,0.0,0.0
M,0.0,0.0,0.0,0.0
M,0.0,0.0,0.0,0.0
M,-0.0222978,0.0,0.0,-0.0222978
M,0.0,0.0,0.0,0.0
M,0.0,0.0,0.0,0.0
M,0.0,0.0,0.0,0.0
M,0.0,0.0,0.0,0.0
M,0.0,0.0,0.0,0.0
M,0.0,0.0,0.0,0.0
M,0.0,0.0,0.0,0.0
M,0.0,0.0,0.0,0.0
M,0.0,0.0,0.0,0.0
M,0.0,0.0,0.0,0.0
M,0.0,0.0,0.0,0.0
M,0.0,0.0,0.0,0.0
M,0.0,0.0,0.0,0.0
M,-0.0701914,0.0,0.0,-0.0701914
M,0.0,0.0,0.0,0.0
M,0.0,0.0,0.0,0.0
M,0.0,0.0,0.0,0.0
M,0.0,0.0,0.0,0.0
M,0.0,0.0,0.0,0.0
M,0.0,0.0,0.0,0.0
M,0.015535,0.0,0.0,0.015535
M,0.0,0.0,0.0,0.0
M,0.0,0.0,0.0,0.0
M,0.0,0.0,0.0,0.0
M,0.0,0.0,0.0,0.0
M,0.0,0.0,0.0,0.0
M,0.0,0.0,0.0,0.0
M,0.0,0.0,0.0,0.0
M,0.0,0.0,0.0,0.0
M,0.0,0.0,0.0,0.0
M,0.0,0.0,0.0,0.0
M,0.0,0.0,0.0,0.0
M,0.0208458,0.0,0.0,0.0208458
M,0.0,0.0,0.0,0.0
M,0.0,0.0,0.0,0.0
M,0.0,0.0,0.0,0.0
M,0.0,0.0,0.0,0.0
M,0.0,0.0,0.0,0.0
M,-0.0125644,0.0,0.0,-0.0125644
M,0.0,0.0,0.0,0.0
M,0.0,0.0,0.0,0.0
M,0.0,0.0,0.0,0.0
M,0.0,0.0,0.0,0.0
M,0.0,0.0,0.0,0.0
M,0.0,0.0,0.0,0.0
M,0.0,0.0,0.0,0.0
M,0.0,0.0,0.0,0.0
M,0.0,0.0,0.0,0.0
M,0.0,0.0,0.0,0.0
M,-0.0380639,0.0,0.0,-0.0380639
M,0.0,0.0,0.0,0.0
M,0.0,0.0,0.0,0.0
M,0.0232311,0.0,0.0,0.0232311
M,0.0,0.0,0.0,0.0
M,0.0,0.0,0.0,0.0
M,0.0439011,0.0,0.0,0.0439011
M,0.026648,0.0,0.0,0.026648
M,-0.0203438,0.0,0.0,-0.0203438
M,0.0,0.0,0.0,0.0
M,0.0,0.0,0.0,0.0
M,0.0,0.0,0.0,0.0
M,0.0,0.0,0.0,0.0
M,0.0,0.0,0.0,0.0
M,0.0,0.0,0.0,0.0
M,0.0,0.0,0.0,0.0
M,0.0,0.0,0.0,0.0
M,0.0,0.0,0.0,0.0
M,0.0,0.0,0.0,0.0
M,-0.0284226,0.0,0.0,-0.0284226
M,0.0,0.0,0.0,0.0
M,0.0,0.0,0.0,0.0
M,0.0,0.0,0.0,0.0
M,0.0,0.0,0.0,0.0
M,-0.132876,0.0,0.0,-0.132876
M,0.0,0.0,0.0,0.0
M,0.0,0.0,0.0,0.0
M,0.0,0.0,0.0,0.0
M,0.0,0.0,0.0,0.0
M,0.0,0.0,0.0,0.0
M,0.0,0.0,0.0,0.0
M,0.0,0.0,0.0,0.0
M,0.0,0.0,0.0,0.0
M,0.0,0.0,0.0,0.0
M,0.0,0.0,0.0,0.0
M,-0.0629802,0.0,0.0,-0.0629802
M,0.0,0.0,0.0,0.0
M,0.0,0.0,0.0,0.0
M,0.0,0.0,0.0,0.0
M,0.0,0.0,0.0,0.0
M,0.0,0.0,0.0,0.0
M,0.019087,0.0,0.0,0.019087
M,0.0,0.0,0.0,0.0
M,0.0,0.0,0.0,0.0
M,0.0,0.0,0.0,0.0
M,0.0,0.0,0.0,0.0
M,0.0,0.0,0.0,0.0
M,0.0,0.0,0.0,0.0
M,0.0,0.0,0.0,0.0
M,0.0057216,0.0,0.0,0.0057216
M,0.0,0.0,0.0,0.0
M,0.0,0.0,0.0,0.0
M,0.0,0.0,0.0,0.0
M,0.0,0.0,0.0,0.0
M,0.0,0.0,0.0,0.0
M,0.0,0.0,0.0,0.0
M,0.0,0.0,0.0,0.0
M,0.0,0.0,0.0,0.0
M,0.0,0.0,0.0,0.0
M,-0.00400908,0.0,0.0,-0.00400908
M,0.0,0.0,0.0,0.0
M,0.0,0.0,0.0,0.0
M,0.0,0.0,0.0,0.0
M,0.0,0.0,0.0,0.0
M,0.0,0.0,0.0,0.0
M,0.0,0.0,0.0,0.0
M,0.0,0.0,0.0,0.0
M,0.0,0.0,0.0,0.0
M,0.0,0.0,0.0,0.0
M,0.0235992,0.0,0.0,0.0235992
M,0.0158589,0.0,0.0,0.0158589
M,0.0,0.0,0.0,0.0
M,-0.0393244,0.0,0.0,-0.0393244
M,0.0,0.0,0.0,0.0
M,0.0,0.0,0.0,0.0
M,0.0,0.0,0.0,0.0
M,0.0120868,0.0,0.0,0.0120868
M,0.0,0.0,0.0,0.0
M,0.0,0.0,0.0,0.0
M,0.0,0.0,0.0,0.0
M,0.0,0.0,0.0,0.0
M,0.0,0.0,0.0,0.0
M,0.0,0.0,0.0,0.0
M,0.0,0.0,0.0,0.0
M,0.0,0.0,0.0,0.0
M,0.0,0.0,0.0,0.0
M,0.0,0.0,0.0,0.0
M,0.0,0.0,0.0,0.0
M,-0.0276354,0.0,0.0,-0.0276354
M,-0.0343424,0.0,0.0,-0.0343424
M,0.0,0.0,0.0,0.0
M,0.0,0.0,0.0,0.0
M,0.14512,0.0,0.0,0.14512
M,0.0,0.0,0.0,0.0
M,0.0,0.0,0.0,0.0
M,0.0,0.0,0.0,0.0
M,0.00315082,0.0,0.0,0.00315082
M,0.0,0.0,0.0,0.0
M,0.0,0.0,0.0,0.0
M,0.0,0.0,0.0,0.0
M,0.0,0.0,0.0,0.0
M,0.0,0.0,0.0,0.0
M,0.0,0.0,0.0,0.0
M,0.0,0.0,0.0,0.0
M,0.0,0.0,0.0,0.0
M,0.0,0.0,0.0,0.0
M,0.0,0.0,0.0,0.0
M,0.0,0.0,0.0,0.0
M,0.0,0.0,0.0,0.0
M,0.0,-0.0250496,-0.0250496,-0.0250496
M,0.0,0.0,0.0,0.0
M,0.0,0.0,0.0,0.0
M,0.0,0.0,0.0,0.0
M,0.0,0.0,0.0,0.0
M,0.0,0.0,0.0,0.0
M,0.0,0.0,0.0,0.0
M,-0.0598902,0.0,0.0,-0.0598902
M,0.0,0.0,0.0,0.0
M,0.0,0.0,0.0,0.0
M,0.033377,0.0,0.0,0.033377
M,0.0,0.0,0.0,0.0
M,0.0,0.0,0.0,0.0
M,0.0,0.0,0.0,0.0
M,0.0208458,0.0,0.0,0.0208458
M,0.0,0.0,0.0,0.0
M,0.0525066,0.0,0.0,0.0525066
M,-0.0310378,0.0,0.0,-0.0310378
M,0.0,0.0,0.0,0.0
M,0.0,0.0,0.0,0.0
M,0.0279678,0.0,0.0,0.0279678
M,0.0,0.0,0.0,0.0
M,0.0,0.0,0.0,0.0
M,0.0428733,0.0,0.0,0.0428733
M,0.0,0.0,0.0,0.0
M,0.0,0.0,0.0,0.0
M,0.0,0.0,0.0,0.0
M,0.0,0.0,0.0,0.0
